"DSA1203 - Practical car test pass rates by age (17-25 year olds), year and DTC",,,,,,,,,,
,,,,,,,,,,
Time Period Captured,,2009/10,,,,,,,,
,,,,,,,,,,
,,,,,,,,,,Numbers / Per cent
,,Male tests,,,Female tests ,,,Total tests,,
,,Conducted,Passes,Pass rate (%),Conducted,Passes,Pass rate (%),Conducted,Passes,Pass rate (%)
,,,,,,,,,,
Aberdeen North (Bridge of Don),,,,,,,,,,
,17,294,185,62.92517007,260,144,55.38461538,554,329,59.38628159
,18,228,108,47.36842105,200,98,49,428,206,48.13084112
,19,96,51,53.125,122,54,44.26229508,218,105,48.16513761
,20,74,39,52.7027027,88,37,42.04545455,162,76,46.91358025
,21,56,32,57.14285714,89,37,41.57303371,145,69,47.5862069
,22,47,26,55.31914894,85,42,49.41176471,132,68,51.51515152
,23,64,29,45.3125,96,36,37.5,160,65,40.625
,24,65,33,50.76923077,77,39,50.64935065,142,72,50.70422535
,25,74,31,41.89189189,74,38,51.35135135,150,70,46.66666667
Aberdeen South (Cove),,,,,,,,,,
,17,453,291,64.2384106,346,221,63.87283237,799,512,64.08010013
,18,184,108,58.69565217,249,136,54.6184739,433,244,56.35103926
,19,94,52,55.31914894,109,56,51.37614679,203,108,53.20197044
,20,64,38,59.375,78,45,57.69230769,142,83,58.45070423
,21,54,26,48.14814815,73,40,54.79452055,127,66,51.96850394
,22,40,21,52.5,74,43,58.10810811,114,64,56.14035088
,23,57,28,49.12280702,72,36,50,129,64,49.6124031
,24,82,37,45.12195122,68,29,42.64705882,150,66,44
,25,70,39,55.71428571,82,39,47.56097561,152,78,51.31578947
Abergavenny,,,,,,,,,,
,17,735,476,64.76190476,683,424,62.07906296,1418,900,63.4696756
,18,276,167,60.50724638,359,195,54.31754875,635,362,57.00787402
,19,163,90,55.21472393,158,83,52.53164557,321,173,53.894081
,20,84,42,50,70,36,51.42857143,154,78,50.64935065
,21,47,27,57.44680851,53,26,49.05660377,100,53,53
,22,67,37,55.2238806,46,19,41.30434783,113,56,49.55752212
,23,47,32,68.08510638,58,32,55.17241379,105,64,60.95238095
,24,48,26,54.16666667,40,21,52.5,88,47,53.40909091
,25,34,16,47.05882353,43,20,46.51162791,77,36,46.75324675
Aberystwyth,,,,,,,,,,
,17,144,97,67.36111111,109,66,60.55045872,253,163,64.42687747
,18,58,35,60.34482759,68,34,50,126,69,54.76190476
,19,34,18,52.94117647,68,37,54.41176471,102,55,53.92156863
,20,39,19,48.71794872,50,23,46,89,42,47.19101124
,21,38,19,50,45,21,46.66666667,83,40,48.19277108
,22,21,16,76.19047619,38,16,42.10526316,59,32,54.23728814
,23,16,6,37.5,21,9,42.85714286,37,15,40.54054054
,24,21,11,52.38095238,20,15,75,41,26,63.41463415
,25,16,5,31.25,10,7,70,26,12,46.15384615
Airdrie,,,,,,,,,,
,17,488,230,47.13114754,333,150,45.04504505,821,380,46.28501827
,18,387,165,42.63565891,400,155,38.75,787,320,40.66073698
,19,199,96,48.24120603,260,99,38.07692308,459,195,42.48366013
,20,144,63,43.75,113,46,40.7079646,257,109,42.41245136
,21,98,46,46.93877551,96,45,46.875,194,91,46.90721649
,22,79,39,49.36708861,95,42,44.21052632,174,81,46.55172414
,23,68,38,55.88235294,107,40,37.38317757,175,78,44.57142857
,24,87,39,44.82758621,77,32,41.55844156,164,71,43.29268293
,25,56,26,46.42857143,58,31,53.44827586,114,57,50
Alness,,,,,,,,,,
,17,118,83,70.33898305,121,67,55.37190083,239,150,62.76150628
,18,71,41,57.74647887,74,34,45.94594595,145,75,51.72413793
,19,31,24,77.41935484,40,19,47.5,71,43,60.56338028
,20,25,15,60,26,12,46.15384615,51,27,52.94117647
,21,14,8,57.14285714,19,13,68.42105263,33,21,63.63636364
,22,11,7,63.63636364,21,10,47.61904762,32,17,53.125
,23,8,4,50,22,11,50,30,15,50
,24,12,4,33.33333333,16,7,43.75,28,11,39.28571429
Alnwick,,,,,,,,,,
,17,191,106,55.4973822,201,93,46.26865672,392,199,50.76530612
,18,52,28,53.84615385,94,37,39.36170213,146,65,44.52054795
,19,35,21,60,24,13,54.16666667,59,34,57.62711864
,20,21,14,66.66666667,26,11,42.30769231,47,25,53.19148936
,21,10,4,40,20,8,40,30,12,40
,22,17,7,41.17647059,17,9,52.94117647,34,16,47.05882353
,23,16,5,31.25,13,4,30.76923077,29,9,31.03448276
,25,7,4,57.14285714,7,4,57.14285714,14,8,57.14285714
Arbroath,,,,,,,,,,
,17,131,102,77.86259542,93,62,66.66666667,224,164,73.21428571
,18,66,43,65.15151515,58,35,60.34482759,124,78,62.90322581
,19,22,17,77.27272727,27,11,40.74074074,49,28,57.14285714
,20,23,14,60.86956522,16,8,50,39,22,56.41025641
,21,13,9,69.23076923,14,7,50,27,16,59.25925926
,22,19,13,68.42105263,11,8,72.72727273,30,21,70
,23,8,6,75,12,9,75,20,15,75
,24,10,2,20,8,3,37.5,18,5,27.77777778
Ashfield,,,,,,,,,,
,17,208,118,56.73076923,171,102,59.64912281,379,220,58.0474934
,18,134,71,52.98507463,140,70,50,274,141,51.45985401
,19,54,23,42.59259259,62,28,45.16129032,116,51,43.96551724
,20,24,14,58.33333333,29,17,58.62068966,53,31,58.49056604
,21,28,16,57.14285714,29,16,55.17241379,57,32,56.14035088
,22,10,8,80,26,15,57.69230769,36,23,63.88888889
,23,8,6,75,14,6,42.85714286,22,12,54.54545455
,24,16,9,56.25,30,14,46.66666667,46,23,50
,25,12,9,75,11,7,63.63636364,23,16,69.56521739
Ashford (Kent),,,,,,,,,,
,17,533,316,59.28705441,500,282,56.4,1033,598,57.88964182
,18,220,121,55,295,144,48.81355932,515,265,51.45631068
,19,103,46,44.66019417,113,60,53.09734513,216,106,49.07407407
,20,74,34,45.94594595,78,34,43.58974359,152,68,44.73684211
,21,61,30,49.18032787,55,24,43.63636364,116,54,46.55172414
,22,56,29,51.78571429,52,25,48.07692308,108,54,50
,23,51,33,64.70588235,54,21,38.88888889,105,54,51.42857143
,24,40,20,50,51,25,49.01960784,91,45,49.45054945
,25,32,19,59.375,27,15,55.55555556,59,34,57.62711864
Ashford (Middlesex),,,,,,,,,,
,17,619,376,60.74313409,549,345,62.84153005,1168,721,61.72945205
,18,382,203,53.14136126,396,209,52.77777778,778,412,52.9562982
,19,211,98,46.44549763,249,125,50.20080321,460,223,48.47826087
,20,179,92,51.39664804,189,100,52.91005291,368,192,52.17391304
,21,133,65,48.87218045,130,66,50.76923077,263,131,49.80988593
,22,127,79,62.20472441,168,70,41.66666667,295,149,50.50847458
,23,102,51,50,121,69,57.02479339,223,120,53.81165919
,24,108,63,58.33333333,103,48,46.60194175,211,111,52.60663507
,25,136,67,49.26470588,118,52,44.06779661,254,119,46.8503937
Atherton,,,,,,,,,,
,17,831,485,58.36341757,583,293,50.25728988,1414,778,55.02121641
,18,476,272,57.14285714,571,264,46.23467601,1047,536,51.1938873
,19,241,130,53.94190871,271,139,51.29151292,512,269,52.5390625
,20,160,79,49.375,171,79,46.19883041,331,158,47.73413897
,21,131,66,50.38167939,181,78,43.09392265,312,144,46.15384615
,22,116,54,46.55172414,133,62,46.61654135,249,116,46.58634538
,23,93,49,52.68817204,103,47,45.63106796,196,96,48.97959184
,24,80,40,50,105,49,46.66666667,185,89,48.10810811
,25,99,54,54.54545455,74,35,47.2972973,173,89,51.44508671
Aylesbury,,,,,,,,,,
,17,625,355,56.8,552,317,57.42753623,1177,672,57.09430756
,18,354,172,48.58757062,376,193,51.32978723,730,365,50
,19,136,65,47.79411765,151,75,49.66887417,287,140,48.7804878
,20,85,42,49.41176471,62,26,41.93548387,147,68,46.2585034
,21,60,35,58.33333333,71,40,56.33802817,131,75,57.2519084
,22,64,36,56.25,72,32,44.44444444,136,68,50
,23,58,24,41.37931034,59,25,42.37288136,117,49,41.88034188
,24,48,24,50,40,18,45,88,42,47.72727273
,25,42,24,57.14285714,34,17,50,76,41,53.94736842
Bala,,,,,,,,,,
,17,170,89,52.35294118,141,70,49.64539007,311,159,51.12540193
,18,61,26,42.62295082,69,25,36.23188406,130,51,39.23076923
,19,39,15,38.46153846,27,13,48.14814815,66,28,42.42424242
,20,12,10,83.33333333,17,5,29.41176471,29,15,51.72413793
,21,13,8,61.53846154,13,4,30.76923077,26,12,46.15384615
Ballater,,,,,,,,,,
,17,38,31,81.57894737,30,19,63.33333333,68,50,73.52941176
,18,22,15,68.18181818,8,6,75,30,21,70
Banbury,,,,,,,,,,
,17,896,494,55.13392857,683,419,61.34699854,1579,913,57.82140595
,18,436,221,50.68807339,464,217,46.76724138,900,438,48.66666667
,19,170,91,53.52941176,232,103,44.39655172,402,194,48.25870647
,20,92,55,59.7826087,97,48,49.48453608,189,103,54.4973545
,21,61,33,54.09836066,59,37,62.71186441,120,70,58.33333333
,22,53,32,60.37735849,63,38,60.31746032,116,70,60.34482759
,23,61,41,67.21311475,91,37,40.65934066,152,78,51.31578947
,24,66,41,62.12121212,59,29,49.15254237,125,70,56
,25,45,27,60,49,29,59.18367347,94,56,59.57446809
Banff,,,,,,,,,,
,17,67,48,71.64179104,59,40,67.79661017,126,88,69.84126984
,18,28,14,50,30,21,70,58,35,60.34482759
,19,16,6,37.5,9,6,66.66666667,25,12,48
,20,13,6,46.15384615,8,4,50,21,10,47.61904762
Bangor,,,,,,,,,,
,17,605,316,52.23140496,490,269,54.89795918,1095,585,53.42465753
,18,324,157,48.45679012,410,183,44.63414634,734,340,46.32152589
,19,181,85,46.96132597,142,64,45.07042254,323,149,46.13003096
,20,97,50,51.54639175,122,45,36.8852459,219,95,43.37899543
,21,71,43,60.56338028,96,47,48.95833333,167,90,53.89221557
,22,78,37,47.43589744,76,33,43.42105263,154,70,45.45454545
,23,70,28,40,86,42,48.8372093,156,70,44.87179487
,24,36,25,69.44444444,64,25,39.0625,100,50,50
,25,45,19,42.22222222,58,21,36.20689655,103,40,38.83495146
Barking,,,,,,,,,,
,17,281,112,39.85765125,107,40,37.38317757,388,152,39.17525773
,18,335,129,38.50746269,328,113,34.45121951,663,242,36.50075415
,19,328,121,36.8902439,360,115,31.94444444,688,236,34.30232558
,20,206,75,36.40776699,278,77,27.69784173,484,152,31.40495868
,21,180,69,38.33333333,241,84,34.85477178,421,153,36.34204276
,22,163,59,36.19631902,235,66,28.08510638,398,125,31.40703518
,23,170,71,41.76470588,210,66,31.42857143,380,137,36.05263158
,24,180,67,37.22222222,218,64,29.35779817,398,131,32.91457286
,25,183,67,36.61202186,215,54,25.11627907,398,121,30.40201005
Barnet,,,,,,,,,,
,17,803,340,42.34122042,517,217,41.9729207,1320,557,42.1969697
,18,601,224,37.27121464,522,210,40.22988506,1123,434,38.64648264
,19,432,160,37.03703704,275,101,36.72727273,707,261,36.9165488
,20,308,110,35.71428571,209,63,30.14354067,517,173,33.4622824
,21,294,91,30.95238095,202,57,28.21782178,496,148,29.83870968
,22,261,85,32.56704981,206,64,31.06796117,467,149,31.90578158
,23,254,75,29.52755906,215,75,34.88372093,469,150,31.98294243
,24,269,101,37.5464684,190,64,33.68421053,459,165,35.94771242
,25,234,89,38.03418803,199,65,32.66331658,433,154,35.56581986
Barnsley,,,,,,,,,,
,17,835,354,42.39520958,647,245,37.86707883,1482,599,40.41835358
,18,462,172,37.22943723,600,212,35.33333333,1062,384,36.15819209
,19,219,90,41.09589041,276,98,35.50724638,495,188,37.97979798
,20,114,55,48.24561404,156,46,29.48717949,270,101,37.40740741
,21,122,44,36.06557377,141,49,34.75177305,263,93,35.36121673
,22,92,48,52.17391304,119,45,37.81512605,211,93,44.07582938
,23,73,38,52.05479452,102,37,36.2745098,175,75,42.85714286
,24,56,27,48.21428571,130,37,28.46153846,186,64,34.40860215
,25,44,21,47.72727273,80,30,37.5,124,51,41.12903226
Barnstaple,,,,,,,,,,
,17,547,343,62.70566728,464,250,53.87931034,1011,593,58.65479723
,18,251,130,51.79282869,258,128,49.6124031,509,258,50.68762279
,19,104,60,57.69230769,136,64,47.05882353,240,124,51.66666667
,20,61,33,54.09836066,80,40,50,141,73,51.77304965
,21,45,24,53.33333333,58,26,44.82758621,103,50,48.54368932
,22,39,24,61.53846154,44,27,61.36363636,83,51,61.44578313
,23,40,24,60,40,19,47.5,80,43,53.75
,24,36,25,69.44444444,46,18,39.13043478,82,43,52.43902439
,25,20,9,45,25,9,36,45,18,40
Barrow In Furness,,,,,,,,,,
,17,324,194,59.87654321,280,172,61.42857143,604,366,60.59602649
,18,206,109,52.91262136,197,112,56.85279188,403,221,54.83870968
,19,59,36,61.01694915,52,29,55.76923077,111,65,58.55855856
,20,42,22,52.38095238,40,19,47.5,82,41,50
,21,35,19,54.28571429,40,17,42.5,75,36,48
,22,38,23,60.52631579,30,16,53.33333333,68,39,57.35294118
,23,21,14,66.66666667,34,18,52.94117647,55,32,58.18181818
,24,29,17,58.62068966,36,18,50,65,35,53.84615385
,25,21,13,61.9047619,19,12,63.15789474,40,25,62.5
Basildon,,,,,,,,,,
,17,1238,571,46.12277868,941,387,41.12646121,2179,958,43.96512162
,18,810,310,38.27160494,939,340,36.20873269,1749,650,37.16409377
,19,386,142,36.78756477,501,173,34.53093812,887,315,35.51296505
,20,246,87,35.36585366,285,116,40.70175439,531,203,38.22975518
,21,214,83,38.78504673,177,71,40.11299435,391,154,39.38618926
,22,174,70,40.22988506,193,63,32.64248705,367,133,36.23978202
,23,135,68,50.37037037,154,42,27.27272727,289,110,38.06228374
,24,135,53,39.25925926,167,57,34.13173653,302,110,36.42384106
,25,109,40,36.69724771,148,49,33.10810811,257,89,34.63035019
Basingstoke,,,,,,,,,,
,17,721,382,52.98196949,665,330,49.62406015,1386,712,51.37085137
,18,341,161,47.21407625,331,171,51.66163142,672,332,49.4047619
,19,135,65,48.14814815,142,60,42.25352113,277,125,45.12635379
,20,86,40,46.51162791,81,40,49.38271605,167,80,47.90419162
,21,65,34,52.30769231,72,34,47.22222222,137,68,49.6350365
,22,67,38,56.71641791,65,29,44.61538462,132,67,50.75757576
,23,60,33,55,63,34,53.96825397,123,67,54.47154472
,24,43,24,55.81395349,59,28,47.45762712,102,52,50.98039216
,25,51,28,54.90196078,60,30,50,111,58,52.25225225
Bathgate,,,,,,,,,,
,17,602,341,56.64451827,478,257,53.76569038,1080,598,55.37037037
,18,361,201,55.67867036,442,226,51.13122172,803,427,53.17559153
,19,156,91,58.33333333,210,87,41.42857143,366,178,48.63387978
,20,105,55,52.38095238,115,58,50.43478261,220,113,51.36363636
,21,76,41,53.94736842,99,51,51.51515152,175,92,52.57142857
,22,67,38,56.71641791,65,28,43.07692308,132,66,50
,23,53,32,60.37735849,94,37,39.36170213,147,69,46.93877551
,24,38,25,65.78947368,77,30,38.96103896,115,55,47.82608696
,25,39,17,43.58974359,64,28,43.75,103,45,43.68932039
Bedford,,,,,,,,,,
,17,1000,547,54.7,911,446,48.9571899,1911,993,51.96232339
,18,514,230,44.74708171,566,235,41.51943463,1080,465,43.05555556
,19,241,105,43.56846473,234,104,44.44444444,475,209,44
,20,136,72,52.94117647,158,53,33.5443038,294,125,42.5170068
,21,93,53,56.98924731,134,56,41.79104478,227,109,48.01762115
,22,89,50,56.17977528,123,51,41.46341463,212,101,47.64150943
,23,76,44,57.89473684,114,45,39.47368421,190,89,46.84210526
,24,72,37,51.38888889,113,36,31.85840708,185,73,39.45945946
,25,59,22,37.28813559,72,26,36.11111111,131,48,36.64122137
Belvedere,,,,,,,,,,
,17,422,220,52.13270142,312,160,51.28205128,734,380,51.77111717
,18,333,160,48.04804805,450,173,38.44444444,783,333,42.52873563
,19,232,106,45.68965517,265,113,42.64150943,497,219,44.06438632
,20,151,59,39.07284768,182,70,38.46153846,333,129,38.73873874
,21,142,59,41.54929577,208,68,32.69230769,350,127,36.28571429
,22,134,60,44.7761194,153,57,37.25490196,287,117,40.76655052
,23,111,49,44.14414414,121,41,33.88429752,232,90,38.79310345
,24,106,50,47.16981132,127,45,35.43307087,233,95,40.77253219
,25,90,33,36.66666667,136,48,35.29411765,226,81,35.84070796
Berwick-On-Tweed,,,,,,,,,,
,17,103,77,74.75728155,72,44,61.11111111,175,121,69.14285714
,18,45,29,64.44444444,55,27,49.09090909,100,56,56
,19,18,15,83.33333333,27,21,77.77777778,45,36,80
,20,9,4,44.44444444,7,3,42.85714286,16,7,43.75
,25,6,2,33.33333333,6,3,50,12,5,41.66666667
Birmingham (Garretts Green),,,,,,,,,,
,17,471,255,54.14012739,257,122,47.47081712,728,377,51.78571429
,18,494,242,48.98785425,453,198,43.70860927,947,440,46.4625132
,19,272,132,48.52941176,419,165,39.37947494,691,297,42.98118669
,20,233,120,51.50214592,317,125,39.43217666,550,245,44.54545455
,21,207,99,47.82608696,254,92,36.22047244,461,191,41.43167028
,22,174,90,51.72413793,257,81,31.51750973,431,171,39.67517401
,23,151,70,46.35761589,219,80,36.52968037,370,150,40.54054054
,24,153,69,45.09803922,188,72,38.29787234,341,141,41.34897361
,25,143,59,41.25874126,183,68,37.15846995,326,127,38.95705521
Birmingham (Kings Heath),,,,,,,,,,
,17,535,264,49.34579439,303,133,43.89438944,838,397,47.37470167
,18,444,196,44.14414414,526,232,44.10646388,970,428,44.12371134
,19,319,128,40.12539185,310,130,41.93548387,629,258,41.01748808
,20,214,99,46.26168224,265,111,41.88679245,479,210,43.84133612
,21,197,84,42.63959391,240,106,44.16666667,437,190,43.47826087
,22,184,92,50,226,83,36.72566372,410,175,42.68292683
,23,202,80,39.6039604,221,90,40.7239819,423,170,40.1891253
,24,165,76,46.06060606,189,68,35.97883598,354,144,40.6779661
,25,147,74,50.34013605,156,65,41.66666667,303,139,45.87458746
Birmingham (Kingstanding),,,,,,,,,,
,17,592,324,54.72972973,263,151,57.41444867,855,475,55.55555556
,18,721,334,46.32454924,573,249,43.45549738,1294,583,45.05409583
,19,433,189,43.64896074,484,191,39.46280992,917,380,41.43947655
,20,269,118,43.866171,319,125,39.18495298,588,243,41.32653061
,21,283,134,47.34982332,308,108,35.06493506,591,242,40.94754653
,22,220,117,53.18181818,267,91,34.082397,487,208,42.71047228
,23,192,93,48.4375,279,96,34.40860215,471,189,40.12738854
,24,181,94,51.93370166,246,81,32.92682927,427,175,40.98360656
,25,202,94,46.53465347,224,88,39.28571429,426,182,42.72300469
Birmingham (Shirley),,,,,,,,,,
,17,748,459,61.36363636,551,331,60.07259528,1299,790,60.81601232
,18,461,242,52.49457701,501,254,50.69860279,962,496,51.55925156
,19,187,104,55.61497326,256,125,48.828125,443,229,51.69300226
,20,99,50,50.50505051,191,85,44.5026178,290,135,46.55172414
,21,109,61,55.96330275,130,61,46.92307692,239,122,51.0460251
,22,105,68,64.76190476,159,73,45.91194969,264,141,53.40909091
,23,91,58,63.73626374,141,69,48.93617021,232,127,54.74137931
,24,77,44,57.14285714,105,42,40,182,86,47.25274725
,25,67,31,46.26865672,85,39,45.88235294,152,70,46.05263158
Birmingham (South Yardley),,,,,,,,,,
,17,439,217,49.43052392,190,91,47.89473684,629,308,48.96661367
,18,579,257,44.38687392,387,154,39.79328165,966,411,42.54658385
,19,370,162,43.78378378,391,145,37.08439898,761,307,40.34165572
,20,258,119,46.12403101,348,111,31.89655172,606,230,37.95379538
,21,245,101,41.2244898,243,85,34.97942387,488,186,38.1147541
,22,209,90,43.06220096,276,92,33.33333333,485,182,37.5257732
,23,164,74,45.12195122,220,88,40,384,162,42.1875
,24,174,88,50.57471264,211,76,36.01895735,385,164,42.5974026
,25,176,77,43.75,252,75,29.76190476,428,152,35.51401869
Birmingham (Sutton Coldfield),,,,,,,,,,
,17,609,382,62.72577997,485,258,53.19587629,1094,640,58.50091408
,18,437,226,51.71624714,516,242,46.89922481,953,468,49.10807975
,19,232,130,56.03448276,253,101,39.92094862,485,231,47.62886598
,20,166,91,54.81927711,205,78,38.04878049,371,169,45.55256065
,21,152,79,51.97368421,172,69,40.11627907,324,148,45.67901235
,22,129,50,38.75968992,167,73,43.71257485,296,123,41.55405405
,23,110,58,52.72727273,155,57,36.77419355,265,115,43.39622642
,24,119,58,48.7394958,148,49,33.10810811,267,107,40.07490637
,25,93,48,51.61290323,121,46,38.01652893,214,94,43.92523364
Bishops Stortford,,,,,,,,,,
,17,1067,615,57.63823805,1072,560,52.23880597,2139,1175,54.93221131
,18,576,283,49.13194444,702,334,47.57834758,1278,617,48.27856025
,19,213,108,50.70422535,252,114,45.23809524,465,222,47.74193548
,20,107,61,57.00934579,165,70,42.42424242,272,131,48.16176471
,21,88,42,47.72727273,129,58,44.96124031,217,100,46.08294931
,22,95,52,54.73684211,103,40,38.83495146,198,92,46.46464646
,23,56,32,57.14285714,84,40,47.61904762,140,72,51.42857143
,24,65,32,49.23076923,79,32,40.50632911,144,64,44.44444444
,25,73,31,42.46575342,76,30,39.47368421,149,61,40.93959732
Blackburn with Darwen,,,,,,,,,,
,17,737,415,56.30936228,422,231,54.73933649,1159,646,55.73770492
,18,528,248,46.96969697,574,247,43.03135889,1102,495,44.91833031
,19,254,121,47.63779528,360,138,38.33333333,614,259,42.18241042
,20,171,83,48.5380117,227,90,39.64757709,398,173,43.46733668
,21,140,69,49.28571429,187,83,44.38502674,327,152,46.48318043
,22,129,73,56.58914729,157,63,40.12738854,286,136,47.55244755
,23,121,56,46.28099174,180,60,33.33333333,301,116,38.53820598
,24,130,75,57.69230769,123,45,36.58536585,253,120,47.43083004
,25,119,65,54.62184874,96,45,46.875,215,110,51.1627907
Blackpool,,,,,,,,,,
,17,868,466,53.68663594,772,389,50.38860104,1640,855,52.13414634
,18,499,234,46.89378758,630,263,41.74603175,1129,497,44.02125775
,19,237,117,49.36708861,273,107,39.19413919,510,224,43.92156863
,20,146,57,39.04109589,208,73,35.09615385,354,130,36.72316384
,21,149,74,49.66442953,165,69,41.81818182,314,143,45.54140127
,22,110,54,49.09090909,166,56,33.73493976,276,110,39.85507246
,23,128,62,48.4375,149,60,40.26845638,277,122,44.0433213
,24,87,41,47.12643678,116,52,44.82758621,203,93,45.81280788
,25,115,51,44.34782609,89,36,40.4494382,204,87,42.64705882
Bletchley,,,,,,,,,,
,17,927,536,57.82092772,730,405,55.47945205,1657,941,56.78937839
,18,538,281,52.23048327,542,287,52.95202952,1080,568,52.59259259
,19,214,119,55.60747664,254,128,50.39370079,468,247,52.77777778
,20,135,70,51.85185185,164,81,49.3902439,299,151,50.50167224
,21,127,70,55.11811024,134,65,48.50746269,261,135,51.72413793
,22,116,63,54.31034483,138,66,47.82608696,254,129,50.78740157
,23,97,52,53.60824742,159,77,48.42767296,256,129,50.390625
,24,86,51,59.30232558,121,61,50.41322314,207,112,54.10628019
,25,104,52,50,125,56,44.8,229,108,47.16157205
Blyth,,,,,,,,,,
,17,811,441,54.37731196,631,334,52.9318542,1442,775,53.74479889
,18,502,232,46.21513944,485,219,45.15463918,987,451,45.69402229
,19,164,94,57.31707317,210,98,46.66666667,374,192,51.3368984
,20,111,58,52.25225225,108,48,44.44444444,219,106,48.40182648
,21,94,52,55.31914894,85,37,43.52941176,179,89,49.72067039
,22,57,31,54.38596491,101,43,42.57425743,158,74,46.83544304
,23,49,31,63.26530612,103,56,54.36893204,152,87,57.23684211
,24,61,36,59.01639344,94,52,55.31914894,155,88,56.77419355
,25,60,35,58.33333333,63,24,38.0952381,123,59,47.96747967
Bodmin,,,,,,,,,,
,17,671,398,59.31445604,618,348,56.31067961,1289,746,57.87432118
,18,309,142,45.95469256,336,168,50,645,310,48.0620155
,19,176,94,53.40909091,163,85,52.14723926,339,179,52.80235988
,20,81,38,46.91358025,72,44,61.11111111,153,82,53.59477124
,21,63,38,60.31746032,62,30,48.38709677,125,68,54.4
,22,52,30,57.69230769,50,23,46,102,53,51.96078431
,23,48,31,64.58333333,42,25,59.52380952,90,56,62.22222222
,24,38,18,47.36842105,41,20,48.7804878,79,38,48.10126582
,25,33,20,60.60606061,35,19,54.28571429,68,39,57.35294118
Bolton,,,,,,,,,,
,17,909,499,54.89548955,564,326,57.80141844,1473,825,56.00814664
,18,612,327,53.43137255,667,315,47.22638681,1279,642,50.19546521
,19,326,172,52.7607362,370,181,48.91891892,696,353,50.7183908
,20,207,100,48.30917874,220,97,44.09090909,427,197,46.13583138
,21,180,98,54.44444444,207,93,44.92753623,387,191,49.35400517
,22,136,75,55.14705882,219,91,41.55251142,355,166,46.76056338
,23,178,81,45.50561798,187,84,44.9197861,365,165,45.20547945
,24,155,76,49.03225806,150,60,40,305,136,44.59016393
,25,130,52,40,153,65,42.48366013,283,117,41.34275618
Borehamwood,,,,,,,,,,
,17,1101,585,53.13351499,765,425,55.55555556,1866,1010,54.12647374
,18,581,281,48.36488812,561,262,46.70231729,1142,543,47.54816112
,19,423,196,46.3356974,322,138,42.85714286,745,334,44.83221477
,20,262,121,46.18320611,223,92,41.25560538,485,213,43.91752577
,21,237,124,52.32067511,184,82,44.56521739,421,206,48.93111639
,22,217,98,45.16129032,150,79,52.66666667,367,177,48.22888283
,23,209,98,46.88995215,186,76,40.86021505,395,174,44.05063291
,24,250,120,48,143,56,39.16083916,393,176,44.78371501
,25,232,107,46.12068966,165,72,43.63636364,397,179,45.08816121
Boston,,,,,,,,,,
,17,539,316,58.6270872,468,285,60.8974359,1007,601,59.68222443
,18,249,143,57.42971888,235,136,57.87234043,484,279,57.6446281
,19,101,66,65.34653465,109,56,51.37614679,210,122,58.0952381
,20,50,22,44,57,33,57.89473684,107,55,51.40186916
,21,44,23,52.27272727,58,29,50,102,52,50.98039216
,22,33,21,63.63636364,45,20,44.44444444,78,41,52.56410256
,23,49,24,48.97959184,48,19,39.58333333,97,43,44.32989691
,24,24,13,54.16666667,31,20,64.51612903,55,33,60
,25,48,19,39.58333333,28,17,60.71428571,76,36,47.36842105
Bournemouth,,,,,,,,,,
,17,1416,761,53.74293785,1471,787,53.50101971,2887,1548,53.6196744
,18,676,352,52.07100592,834,378,45.32374101,1510,730,48.34437086
,19,330,167,50.60606061,339,151,44.54277286,669,318,47.53363229
,20,207,103,49.75845411,244,108,44.26229508,451,211,46.78492239
,21,171,87,50.87719298,188,81,43.08510638,359,168,46.79665738
,22,137,61,44.52554745,202,89,44.05940594,339,150,44.24778761
,23,123,74,60.16260163,189,89,47.08994709,312,163,52.24358974
,24,109,53,48.62385321,158,75,47.46835443,267,128,47.94007491
,25,133,68,51.12781955,125,59,47.2,258,127,49.2248062
Bradford (Heaton),,,,,,,,,,
,17,374,147,39.30481283,174,68,39.08045977,548,215,39.23357664
,18,432,157,36.34259259,349,108,30.94555874,781,265,33.93085787
,19,239,94,39.33054393,397,106,26.70025189,636,200,31.44654088
,20,158,67,42.40506329,254,63,24.80314961,412,130,31.55339806
,21,141,60,42.55319149,232,57,24.56896552,373,117,31.36729223
,22,181,63,34.80662983,222,62,27.92792793,403,125,31.01736973
,23,117,54,46.15384615,174,45,25.86206897,291,99,34.02061856
,24,113,43,38.05309735,183,49,26.77595628,296,92,31.08108108
,25,127,54,42.51968504,196,52,26.53061224,323,106,32.81733746
Brecon,,,,,,,,,,
,17,218,141,64.67889908,230,150,65.2173913,448,291,64.95535714
,18,105,57,54.28571429,101,56,55.44554455,206,113,54.85436893
,19,40,24,60,24,15,62.5,64,39,60.9375
,20,31,13,41.93548387,14,8,57.14285714,45,21,46.66666667
,21,10,4,40,13,10,76.92307692,23,14,60.86956522
,22,16,9,56.25,17,11,64.70588235,33,20,60.60606061
,23,9,5,55.55555556,8,5,62.5,17,10,58.82352941
,25,8,4,50,10,5,50,18,9,50
Brentwood,,,,,,,,,,
,17,823,320,38.88213852,545,206,37.79816514,1368,526,38.4502924
,18,442,146,33.03167421,409,151,36.9193154,851,297,34.90011751
,19,198,67,33.83838384,197,61,30.96446701,395,128,32.40506329
,20,131,36,27.48091603,108,28,25.92592593,239,64,26.77824268
,21,114,44,38.59649123,84,29,34.52380952,198,73,36.86868687
,22,119,39,32.77310924,70,23,32.85714286,189,62,32.8042328
,23,91,32,35.16483516,69,21,30.43478261,160,53,33.125
,24,119,33,27.73109244,67,16,23.88059701,186,49,26.34408602
,25,100,30,30,62,15,24.19354839,162,45,27.77777778
Bridgend,,,,,,,,,,
,17,861,529,61.44018583,843,460,54.56702254,1704,989,58.0399061
,18,312,170,54.48717949,396,177,44.6969697,708,347,49.01129944
,19,114,62,54.38596491,113,54,47.78761062,227,116,51.10132159
,20,82,38,46.34146341,98,47,47.95918367,180,85,47.22222222
,21,60,31,51.66666667,88,41,46.59090909,148,72,48.64864865
,22,32,22,68.75,59,29,49.15254237,91,51,56.04395604
,23,34,17,50,61,29,47.54098361,95,46,48.42105263
,24,42,20,47.61904762,65,26,40,107,46,42.99065421
,25,42,22,52.38095238,37,18,48.64864865,79,40,50.63291139
Bridlington,,,,,,,,,,
,17,389,229,58.8688946,400,214,53.5,789,443,56.14702155
,18,130,64,49.23076923,164,75,45.73170732,294,139,47.27891156
,19,92,42,45.65217391,81,35,43.20987654,173,77,44.50867052
,20,41,26,63.41463415,42,22,52.38095238,83,48,57.8313253
,21,26,10,38.46153846,57,22,38.59649123,83,32,38.55421687
,22,34,10,29.41176471,36,15,41.66666667,70,25,35.71428571
,23,31,25,80.64516129,47,20,42.55319149,78,45,57.69230769
,24,25,11,44,25,11,44,50,22,44
,25,19,12,63.15789474,40,15,37.5,59,27,45.76271186
Bristol (Brislington),,,,,,,,,,
,17,817,492,60.22031824,747,423,56.62650602,1564,915,58.50383632
,18,450,254,56.44444444,457,228,49.89059081,907,482,53.14222712
,19,192,109,56.77083333,227,103,45.37444934,419,212,50.59665871
,20,144,85,59.02777778,154,73,47.4025974,298,158,53.02013423
,21,127,67,52.75590551,161,74,45.96273292,288,141,48.95833333
,22,117,54,46.15384615,126,59,46.82539683,243,113,46.50205761
,23,100,58,58,111,57,51.35135135,211,115,54.50236967
,24,100,52,52,104,43,41.34615385,204,95,46.56862745
,25,94,63,67.0212766,87,35,40.22988506,181,98,54.14364641
Bristol (Kingswood),,,,,,,,,,
,17,965,540,55.95854922,864,468,54.16666667,1829,1008,55.11208311
,18,514,247,48.05447471,576,286,49.65277778,1090,533,48.89908257
,19,226,97,42.92035398,265,109,41.13207547,491,206,41.95519348
,20,130,62,47.69230769,169,75,44.37869822,299,137,45.81939799
,21,124,69,55.64516129,142,65,45.77464789,266,134,50.37593985
,22,101,52,51.48514851,116,47,40.51724138,217,99,45.62211982
,23,85,43,50.58823529,99,40,40.4040404,184,83,45.10869565
,24,64,27,42.1875,90,35,38.88888889,154,62,40.25974026
,25,78,40,51.28205128,82,34,41.46341463,160,74,46.25
Bristol (Southmead),,,,,,,,,,
,17,1011,609,60.23738872,1040,595,57.21153846,2051,1204,58.70307167
,18,553,299,54.06871609,678,357,52.65486726,1231,656,53.29000812
,19,281,148,52.66903915,335,171,51.04477612,616,319,51.78571429
,20,216,114,52.77777778,220,106,48.18181818,436,220,50.4587156
,21,176,102,57.95454545,240,95,39.58333333,416,197,47.35576923
,22,170,90,52.94117647,210,103,49.04761905,380,193,50.78947368
,23,169,88,52.07100592,178,91,51.12359551,347,179,51.58501441
,24,183,97,53.00546448,165,94,56.96969697,348,191,54.88505747
,25,143,79,55.24475524,169,85,50.29585799,312,164,52.56410256
Buckie,,,,,,,,,,
,17,39,23,58.97435897,21,13,61.9047619,60,36,60
,18,17,6,35.29411765,18,9,50,35,15,42.85714286
,19,18,13,72.22222222,16,10,62.5,34,23,67.64705882
Burgess Hill,,,,,,,,,,
,17,831,505,60.77015644,795,443,55.72327044,1626,948,58.30258303
,18,516,281,54.45736434,567,283,49.91181658,1083,564,52.07756233
,19,285,138,48.42105263,293,126,43.00341297,578,264,45.67474048
,20,187,88,47.05882353,246,115,46.74796748,433,203,46.88221709
,21,170,102,60,175,87,49.71428571,345,189,54.7826087
,22,149,81,54.36241611,132,70,53.03030303,281,151,53.7366548
,23,112,62,55.35714286,139,71,51.07913669,251,133,52.98804781
,24,143,77,53.84615385,100,39,39,243,116,47.73662551
,25,117,60,51.28205128,128,67,52.34375,245,127,51.83673469
Burton on Trent,,,,,,,,,,
,17,655,361,55.11450382,451,194,43.01552106,1106,555,50.18083183
,18,410,175,42.68292683,519,223,42.9672447,929,398,42.84176534
,19,207,79,38.16425121,191,76,39.79057592,398,155,38.94472362
,20,127,54,42.51968504,133,56,42.10526316,260,110,42.30769231
,21,76,37,48.68421053,81,38,46.91358025,157,75,47.77070064
,22,65,23,35.38461538,80,37,46.25,145,60,41.37931034
,23,52,24,46.15384615,91,32,35.16483516,143,56,39.16083916
,24,55,21,38.18181818,55,22,40,110,43,39.09090909
,25,51,15,29.41176471,54,19,35.18518519,105,34,32.38095238
,,,,,,,,,,
Bury (Manchester),17,664,392,59.03614458,459,276,60.13071895,1123,668,59.48352627
Bury (Manchester),18,414,205,49.51690821,441,211,47.84580499,855,416,48.65497076
Bury (Manchester),19,242,134,55.37190083,196,89,45.40816327,438,223,50.91324201
Bury (Manchester),20,142,87,61.26760563,154,82,53.24675325,296,169,57.09459459
Bury (Manchester),21,107,51,47.6635514,122,52,42.62295082,229,103,44.97816594
Bury (Manchester),22,87,43,49.42528736,134,54,40.29850746,221,97,43.89140271
Bury (Manchester),23,73,46,63.01369863,125,51,40.8,198,97,48.98989899
Bury (Manchester),24,87,40,45.97701149,90,41,45.55555556,177,81,45.76271186
Bury (Manchester),25,68,39,57.35294118,67,29,43.28358209,135,68,50.37037037
Bury St Edmunds,,,,,,,,,,
,17,940,456,48.5106383,843,345,40.9252669,1783,801,44.92428491
,18,503,238,47.31610338,558,211,37.81362007,1061,449,42.31856739
,19,182,80,43.95604396,239,92,38.49372385,421,172,40.85510689
,20,132,50,37.87878788,140,44,31.42857143,272,94,34.55882353
,21,100,36,36,86,35,40.69767442,186,71,38.17204301
,22,79,36,45.56962025,73,23,31.50684932,152,59,38.81578947
,23,78,31,39.74358974,86,32,37.20930233,164,63,38.41463415
,24,61,30,49.18032787,73,26,35.61643836,134,56,41.79104478
,25,45,13,28.88888889,44,14,31.81818182,89,27,30.33707865
Buxton,,,,,,,,,,
,17,749,493,65.82109479,702,398,56.6951567,1451,891,61.40592695
,18,378,217,57.40740741,494,241,48.7854251,872,458,52.52293578
,19,155,89,57.41935484,214,97,45.3271028,369,186,50.40650407
,20,64,40,62.5,100,58,58,164,98,59.75609756
,21,71,33,46.47887324,73,42,57.53424658,144,75,52.08333333
,22,65,38,58.46153846,85,43,50.58823529,150,81,54
,23,39,25,64.1025641,68,28,41.17647059,107,53,49.53271028
,24,44,25,56.81818182,50,32,64,94,57,60.63829787
,25,31,16,51.61290323,48,15,31.25,79,31,39.24050633
Callander,,,,,,,,,,
,17,103,56,54.36893204,61,38,62.29508197,164,94,57.31707317
,18,62,35,56.4516129,49,26,53.06122449,111,61,54.95495495
,19,28,15,53.57142857,34,15,44.11764706,62,30,48.38709677
,20,16,6,37.5,21,9,42.85714286,37,15,40.54054054
,21,7,4,57.14285714,19,6,31.57894737,26,10,38.46153846
,22,16,8,50,6,4,66.66666667,22,12,54.54545455
,23,6,3,50,6,2,33.33333333,12,5,41.66666667
,24,8,5,62.5,13,3,23.07692308,21,8,38.0952381
,25,8,6,75,6,3,50,14,9,64.28571429
Camborne,,,,,,,,,,
,17,608,349,57.40131579,559,318,56.88729875,1167,667,57.15509854
,18,301,146,48.50498339,327,168,51.37614679,628,314,50
,19,156,77,49.35897436,141,68,48.22695035,297,145,48.82154882
,20,83,44,53.01204819,99,50,50.50505051,182,94,51.64835165
,21,86,44,51.1627907,73,35,47.94520548,159,79,49.68553459
,22,69,35,50.72463768,77,34,44.15584416,146,69,47.26027397
,23,49,25,51.02040816,51,27,52.94117647,100,52,52
,24,47,25,53.19148936,51,21,41.17647059,98,46,46.93877551
,25,31,17,54.83870968,49,27,55.10204082,80,44,55
Cambridge (Chesterton Road),,,,,,,,,,
,17,783,512,65.38952746,799,510,63.82978723,1582,1022,64.60176991
,18,363,209,57.57575758,446,232,52.01793722,809,441,54.51174289
,19,153,82,53.59477124,129,74,57.36434109,282,156,55.31914894
,20,100,55,55,99,50,50.50505051,199,105,52.7638191
,21,116,67,57.75862069,112,55,49.10714286,228,122,53.50877193
,22,99,59,59.5959596,94,48,51.06382979,193,107,55.44041451
,23,78,42,53.84615385,93,47,50.53763441,171,89,52.04678363
,24,64,38,59.375,83,42,50.60240964,147,80,54.42176871
,25,92,49,53.26086957,65,31,47.69230769,157,80,50.95541401
Cambridge (Cowley Road),,,,,,,,,,
,17,709,453,63.89280677,670,372,55.52238806,1379,825,59.82596084
,18,311,168,54.0192926,351,169,48.14814815,662,337,50.90634441
,19,182,97,53.2967033,162,72,44.44444444,344,169,49.12790698
,20,98,48,48.97959184,119,59,49.57983193,217,107,49.30875576
,21,92,51,55.43478261,102,47,46.07843137,194,98,50.51546392
,22,73,38,52.05479452,74,35,47.2972973,147,73,49.65986395
,23,60,34,56.66666667,82,41,50,142,75,52.81690141
,24,61,33,54.09836066,74,31,41.89189189,135,64,47.40740741
,25,62,32,51.61290323,65,30,46.15384615,127,62,48.81889764
Cannock,,,,,,,,,,
,17,745,429,57.58389262,644,334,51.86335404,1389,763,54.93160547
,18,421,213,50.59382423,509,234,45.97249509,930,447,48.06451613
,19,224,105,46.875,199,84,42.21105528,423,189,44.68085106
,20,122,60,49.18032787,142,60,42.25352113,264,120,45.45454545
,21,108,59,54.62962963,108,54,50,216,113,52.31481481
,22,68,38,55.88235294,104,44,42.30769231,172,82,47.6744186
,23,90,45,50,74,32,43.24324324,164,77,46.95121951
,24,62,36,58.06451613,50,29,58,112,65,58.03571429
,25,59,29,49.15254237,61,26,42.62295082,120,55,45.83333333
Canterbury,,,,,,,,,,
,17,353,173,49.00849858,290,135,46.55172414,643,308,47.90046656
,18,208,94,45.19230769,228,94,41.22807018,436,188,43.11926606
,19,107,48,44.85981308,156,70,44.87179487,263,118,44.86692015
,20,87,35,40.22988506,143,44,30.76923077,230,79,34.34782609
,21,87,37,42.52873563,85,35,41.17647059,172,72,41.86046512
,22,59,32,54.23728814,61,21,34.42622951,120,53,44.16666667
,23,47,21,44.68085106,55,21,38.18181818,102,42,41.17647059
,24,48,17,35.41666667,35,17,48.57142857,83,34,40.96385542
,25,30,16,53.33333333,32,10,31.25,62,26,41.93548387
Cardiff,,,,,,,,,,
,17,1260,743,58.96825397,1079,613,56.81186284,2339,1356,57.97349295
,18,499,259,51.90380762,586,285,48.63481229,1085,544,50.13824885
,19,284,160,56.33802817,331,153,46.22356495,615,313,50.89430894
,20,234,107,45.72649573,260,134,51.53846154,494,241,48.7854251
,21,186,112,60.21505376,232,122,52.5862069,418,234,55.98086124
,22,175,116,66.28571429,251,126,50.19920319,426,242,56.80751174
,23,164,84,51.2195122,164,87,53.04878049,328,171,52.13414634
,24,155,97,62.58064516,176,92,52.27272727,331,189,57.09969789
,25,136,86,63.23529412,134,64,47.76119403,270,150,55.55555556
Cardigan,,,,,,,,,,
,17,266,181,68.04511278,280,173,61.78571429,546,354,64.83516484
,18,77,42,54.54545455,101,45,44.55445545,178,87,48.87640449
,19,38,22,57.89473684,38,19,50,76,41,53.94736842
,20,19,13,68.42105263,24,14,58.33333333,43,27,62.79069767
,21,18,14,77.77777778,19,9,47.36842105,37,23,62.16216216
,22,9,7,77.77777778,12,6,50,21,13,61.9047619
,23,18,9,50,21,5,23.80952381,39,14,35.8974359
,24,9,6,66.66666667,15,6,40,24,12,50
,25,13,4,30.76923077,9,2,22.22222222,22,6,27.27272727
Carlisle,,,,,,,,,,
,17,643,377,58.63141524,644,357,55.43478261,1287,734,57.03185703
,18,305,169,55.40983607,316,162,51.26582278,621,331,53.30112721
,19,129,73,56.58914729,115,67,58.26086957,244,140,57.37704918
,20,72,46,63.88888889,71,37,52.11267606,143,83,58.04195804
,21,53,31,58.49056604,61,33,54.09836066,114,64,56.14035088
,22,60,30,50,56,27,48.21428571,116,57,49.13793103
,23,34,20,58.82352941,47,28,59.57446809,81,48,59.25925926
,24,45,23,51.11111111,53,31,58.49056604,98,54,55.10204082
,25,47,29,61.70212766,33,18,54.54545455,80,47,58.75
Carmarthen,,,,,,,,,,
,17,351,222,63.24786325,380,217,57.10526316,731,439,60.05471956
,18,143,62,43.35664336,166,85,51.20481928,309,147,47.57281553
,19,41,22,53.65853659,65,28,43.07692308,106,50,47.16981132
,20,26,16,61.53846154,34,14,41.17647059,60,30,50
,21,23,13,56.52173913,33,15,45.45454545,56,28,50
,22,16,9,56.25,27,17,62.96296296,43,26,60.46511628
,23,19,13,68.42105263,13,5,38.46153846,32,18,56.25
,24,17,8,47.05882353,15,7,46.66666667,32,15,46.875
,25,11,8,72.72727273,27,12,44.44444444,38,20,52.63157895
Castle Douglas,,,,,,,,,,
,17,94,51,54.25531915,87,50,57.47126437,181,101,55.80110497
,18,34,14,41.17647059,31,12,38.70967742,65,26,40
,19,19,10,52.63157895,26,11,42.30769231,45,21,46.66666667
,20,12,4,33.33333333,25,11,44,37,15,40.54054054
,22,14,7,50,16,3,18.75,30,10,33.33333333
,24,8,3,37.5,8,5,62.5,16,8,50
Cheetham Hill,,,,,,,,,,
,17,644,370,57.45341615,432,222,51.38888889,1076,592,55.01858736
,18,439,253,57.6309795,529,254,48.01512287,968,507,52.37603306
,19,274,154,56.20437956,293,146,49.82935154,567,300,52.91005291
,20,194,99,51.03092784,210,96,45.71428571,404,195,48.26732673
,21,206,119,57.76699029,226,98,43.36283186,432,217,50.23148148
,22,199,106,53.26633166,236,98,41.52542373,435,204,46.89655172
,23,220,112,50.90909091,212,95,44.81132075,432,207,47.91666667
,24,190,105,55.26315789,155,65,41.93548387,345,170,49.27536232
,25,198,115,58.08080808,155,69,44.51612903,354,184,51.97740113
Chelmsford,,,,,,,,,,
,17,1297,607,46.8003084,1130,467,41.32743363,2427,1074,44.25216316
,18,709,293,41.325811,804,311,38.68159204,1513,604,39.92068738
,19,300,130,43.33333333,370,136,36.75675676,670,266,39.70149254
,20,186,75,40.32258065,165,67,40.60606061,351,142,40.45584046
,21,118,45,38.13559322,129,52,40.31007752,247,97,39.27125506
,22,134,60,44.7761194,132,49,37.12121212,266,109,40.97744361
,23,113,52,46.01769912,118,41,34.74576271,231,93,40.25974026
,24,91,36,39.56043956,115,34,29.56521739,206,70,33.98058252
,25,101,34,33.66336634,94,39,41.4893617,195,73,37.43589744
Cheltenham,,,,,,,,,,
,17,1070,572,53.45794393,905,488,53.92265193,1975,1060,53.67088608
,18,556,265,47.6618705,625,284,45.44,1181,549,46.48602879
,19,160,84,52.5,209,88,42.10526316,369,172,46.61246612
,20,128,62,48.4375,118,58,49.15254237,246,120,48.7804878
,21,84,48,57.14285714,118,55,46.61016949,202,103,50.99009901
,22,83,34,40.96385542,88,39,44.31818182,171,73,42.69005848
,23,75,41,54.66666667,57,26,45.61403509,132,67,50.75757576
,24,99,41,41.41414141,96,44,45.83333333,195,85,43.58974359
,25,49,27,55.10204082,78,37,47.43589744,127,64,50.39370079
Chertsey,,,,,,,,,,
,17,1334,782,58.62068966,1254,722,57.57575758,2588,1504,58.11437403
,18,630,298,47.3015873,725,341,47.03448276,1355,639,47.15867159
,19,237,125,52.74261603,269,104,38.66171004,506,229,45.256917
,20,191,95,49.7382199,185,76,41.08108108,376,171,45.4787234
,21,123,61,49.59349593,134,54,40.29850746,257,115,44.74708171
,22,153,72,47.05882353,119,51,42.85714286,272,123,45.22058824
,23,121,54,44.62809917,101,45,44.55445545,222,99,44.59459459
,24,112,51,45.53571429,100,48,48,212,99,46.69811321
,25,101,44,43.56435644,63,29,46.03174603,164,73,44.51219512
Chester,,,,,,,,,,
,17,653,362,55.43644717,504,248,49.20634921,1157,610,52.72255834
,18,406,177,43.59605911,413,193,46.73123487,819,370,45.17704518
,19,169,74,43.78698225,179,82,45.81005587,348,156,44.82758621
,20,94,45,47.87234043,139,59,42.44604317,233,104,44.63519313
,21,93,61,65.59139785,128,54,42.1875,221,115,52.0361991
,22,70,37,52.85714286,100,42,42,170,79,46.47058824
,23,54,28,51.85185185,76,35,46.05263158,130,63,48.46153846
,24,64,25,39.0625,62,25,40.32258065,126,50,39.68253968
,25,76,35,46.05263158,72,30,41.66666667,148,65,43.91891892
Chesterfield,,,,,,,,,,
,17,539,282,52.31910946,350,153,43.71428571,889,435,48.93138358
,18,354,164,46.32768362,330,147,44.54545455,684,311,45.46783626
,19,144,69,47.91666667,199,83,41.70854271,343,152,44.3148688
,20,86,37,43.02325581,117,49,41.88034188,203,86,42.36453202
,21,74,32,43.24324324,72,28,38.88888889,146,60,41.09589041
,22,70,31,44.28571429,74,39,52.7027027,144,70,48.61111111
,23,84,38,45.23809524,61,30,49.18032787,145,68,46.89655172
,24,45,21,46.66666667,41,13,31.70731707,86,34,39.53488372
,25,28,16,57.14285714,36,13,36.11111111,64,29,45.3125
Chichester,,,,,,,,,,
,17,736,449,61.00543478,707,393,55.58698727,1443,842,58.35065835
,18,335,178,53.13432836,344,182,52.90697674,679,360,53.0191458
,19,144,83,57.63888889,156,77,49.35897436,300,160,53.33333333
,20,94,52,55.31914894,97,45,46.39175258,191,97,50.78534031
,21,63,33,52.38095238,80,41,51.25,143,74,51.74825175
,22,76,36,47.36842105,94,38,40.42553191,170,74,43.52941176
,23,58,31,53.44827586,50,19,38,108,50,46.2962963
,24,40,26,65,54,30,55.55555556,94,56,59.57446809
,25,35,19,54.28571429,53,26,49.05660377,88,45,51.13636364
Chingford,,,,,,,,,,
,17,716,351,49.02234637,423,196,46.3356974,1139,547,48.02458297
,18,647,274,42.34930448,467,188,40.25695931,1114,462,41.47217235
,19,444,188,42.34234234,333,133,39.93993994,777,321,41.31274131
,20,352,137,38.92045455,275,101,36.72727273,627,238,37.9585327
,21,314,123,39.17197452,253,80,31.62055336,567,203,35.80246914
,22,271,112,41.32841328,213,74,34.74178404,484,186,38.42975207
,23,284,113,39.78873239,217,83,38.24884793,501,196,39.12175649
,24,309,137,44.33656958,235,87,37.0212766,544,224,41.17647059
,25,282,110,39.0070922,198,78,39.39393939,480,188,39.16666667
Chippenham,,,,,,,,,,
,17,1401,868,61.9557459,1286,724,56.29860031,2687,1592,59.24823223
,18,644,340,52.79503106,764,391,51.17801047,1408,731,51.91761364
,19,236,123,52.11864407,274,130,47.44525547,510,253,49.60784314
,20,153,79,51.63398693,172,88,51.1627907,325,167,51.38461538
,21,121,51,42.14876033,138,64,46.37681159,259,115,44.4015444
,22,107,61,57.00934579,123,57,46.34146341,230,118,51.30434783
,23,79,42,53.16455696,112,54,48.21428571,191,96,50.2617801
,24,101,51,50.4950495,112,48,42.85714286,213,99,46.47887324
,25,75,41,54.66666667,92,31,33.69565217,167,72,43.11377246
Chorley,,,,,,,,,,
,17,557,320,57.45062837,490,268,54.69387755,1047,588,56.16045845
,18,293,139,47.44027304,354,165,46.61016949,647,304,46.98608964
,19,118,61,51.69491525,171,76,44.44444444,289,137,47.40484429
,20,92,50,54.34782609,106,53,50,198,103,52.02020202
,21,61,34,55.73770492,93,45,48.38709677,154,79,51.2987013
,22,51,31,60.78431373,71,32,45.07042254,122,63,51.63934426
,23,46,27,58.69565217,64,30,46.875,110,57,51.81818182
,24,30,14,46.66666667,39,24,61.53846154,69,38,55.07246377
,25,55,27,49.09090909,33,16,48.48484848,88,43,48.86363636
Clacton-on- Sea,,,,,,,,,,
,17,715,345,48.25174825,690,319,46.23188406,1405,664,47.25978648
,18,399,173,43.35839599,539,199,36.92022263,938,372,39.65884861
,19,192,88,45.83333333,279,100,35.84229391,471,188,39.91507431
,20,147,65,44.21768707,123,52,42.27642276,270,117,43.33333333
,21,110,55,50,109,35,32.11009174,219,90,41.09589041
,22,85,38,44.70588235,93,33,35.48387097,178,71,39.88764045
,23,63,31,49.20634921,103,32,31.06796117,166,63,37.95180723
,24,64,32,50,71,28,39.43661972,135,60,44.44444444
,25,49,24,48.97959184,49,25,51.02040816,98,49,50
Colchester,,,,,,,,,,
,17,954,413,43.29140461,909,296,32.56325633,1863,709,38.05689748
,18,638,212,33.22884013,695,236,33.95683453,1333,448,33.6084021
,19,306,112,36.60130719,319,106,33.22884013,625,218,34.88
,20,185,59,31.89189189,174,45,25.86206897,359,104,28.96935933
,21,139,48,34.5323741,148,45,30.40540541,287,93,32.40418118
,22,102,34,33.33333333,131,32,24.42748092,233,66,28.32618026
,23,106,37,34.90566038,97,24,24.74226804,203,61,30.04926108
,24,72,19,26.38888889,90,26,28.88888889,162,45,27.77777778
,25,99,21,21.21212121,76,21,27.63157895,175,42,24
Coventry,,,,,,,,,,
,17,498,248,49.79919679,368,155,42.11956522,866,403,46.53579677
,18,528,240,45.45454545,586,209,35.66552901,1114,449,40.30520646
,19,292,127,43.49315068,350,128,36.57142857,642,255,39.71962617
,20,216,103,47.68518519,255,87,34.11764706,471,190,40.33970276
,21,176,78,44.31818182,260,90,34.61538462,436,168,38.53211009
,22,176,86,48.86363636,191,70,36.64921466,367,156,42.50681199
,23,157,73,46.49681529,249,83,33.33333333,406,156,38.42364532
,24,167,68,40.71856287,182,67,36.81318681,349,135,38.68194842
,25,161,67,41.61490683,130,54,41.53846154,291,121,41.58075601
Crawley,,,,,,,,,,
,17,1139,576,50.57067603,894,465,52.01342282,2033,1041,51.20511559
,18,487,212,43.53182752,593,262,44.18212479,1080,474,43.88888889
,19,263,104,39.54372624,293,111,37.88395904,556,215,38.66906475
,20,171,65,38.01169591,131,63,48.09160305,302,128,42.38410596
,21,148,72,48.64864865,126,45,35.71428571,274,117,42.70072993
,22,114,61,53.50877193,97,47,48.45360825,211,108,51.18483412
,23,107,44,41.12149533,119,50,42.01680672,226,94,41.59292035
,24,107,50,46.72897196,119,42,35.29411765,226,92,40.7079646
,25,114,42,36.84210526,95,37,38.94736842,209,79,37.79904306
Crewe,,,,,,,,,,
,17,575,341,59.30434783,436,254,58.25688073,1011,595,58.85262117
,18,230,133,57.82608696,266,139,52.2556391,496,272,54.83870968
,19,108,64,59.25925926,130,60,46.15384615,238,124,52.10084034
,20,63,37,58.73015873,64,31,48.4375,127,68,53.54330709
,21,34,22,64.70588235,52,23,44.23076923,86,45,52.3255814
,22,35,21,60,47,20,42.55319149,82,41,50
,23,46,24,52.17391304,42,21,50,88,45,51.13636364
,24,53,30,56.60377358,46,22,47.82608696,99,52,52.52525253
,25,30,19,63.33333333,45,20,44.44444444,75,39,52
Crieff,,,,,,,,,,
,17,35,26,74.28571429,29,18,62.06896552,64,44,68.75
,18,6,4,66.66666667,18,9,50,24,13,54.16666667
Croydon,,,,,,,,,,
,17,382,190,49.7382199,170,90,52.94117647,552,280,50.72463768
,18,379,163,43.00791557,283,112,39.57597173,662,275,41.5407855
,19,312,126,40.38461538,282,102,36.17021277,594,228,38.38383838
,20,253,113,44.66403162,231,95,41.12554113,484,208,42.97520661
,21,232,104,44.82758621,166,74,44.57831325,398,178,44.72361809
,22,224,105,46.875,192,74,38.54166667,416,179,43.02884615
,23,209,94,44.97607656,204,73,35.78431373,413,167,40.43583535
,24,186,85,45.69892473,164,70,42.68292683,350,155,44.28571429
,25,163,84,51.53374233,156,68,43.58974359,319,152,47.64890282
Cumnock,,,,,,,,,,
,17,122,74,60.6557377,103,64,62.13592233,225,138,61.33333333
,18,86,49,56.97674419,51,34,66.66666667,137,83,60.58394161
,19,38,22,57.89473684,41,24,58.53658537,79,46,58.2278481
,20,25,16,64,25,14,56,50,30,60
,21,24,13,54.16666667,21,12,57.14285714,45,25,55.55555556
,22,11,7,63.63636364,14,8,57.14285714,25,15,60
,23,10,6,60,9,3,33.33333333,19,9,47.36842105
,24,8,5,62.5,10,6,60,18,11,61.11111111
,25,9,6,66.66666667,6,3,50,15,9,60
Darlington,,,,,,,,,,
,17,690,383,55.50724638,529,291,55.0094518,1219,674,55.29122231
,18,274,113,41.24087591,329,144,43.76899696,603,257,42.62023217
,19,136,58,42.64705882,149,64,42.95302013,285,122,42.80701754
,20,70,33,47.14285714,98,47,47.95918367,168,80,47.61904762
,21,79,29,36.70886076,68,24,35.29411765,147,53,36.05442177
,22,62,30,48.38709677,99,44,44.44444444,161,74,45.96273292
,23,53,25,47.16981132,66,34,51.51515152,119,59,49.57983193
,24,75,35,46.66666667,71,29,40.84507042,146,64,43.83561644
,25,56,23,41.07142857,63,32,50.79365079,119,55,46.21848739
Derby,,,,,,,,,,
,17,1085,673,62.02764977,816,437,53.55392157,1901,1110,58.39032088
,18,720,405,56.25,856,429,50.11682243,1576,834,52.91878173
,19,336,192,57.14285714,483,224,46.37681159,819,416,50.79365079
,20,195,107,54.87179487,266,108,40.60150376,461,215,46.63774403
,21,195,110,56.41025641,218,90,41.28440367,413,200,48.42615012
,22,128,75,58.59375,211,93,44.07582938,339,168,49.55752212
,23,129,77,59.68992248,201,77,38.30845771,330,154,46.66666667
,24,145,81,55.86206897,152,66,43.42105263,297,147,49.49494949
,25,130,86,66.15384615,133,58,43.60902256,263,144,54.75285171
Doncaster,,,,,,,,,,
,17,972,535,55.04115226,767,378,49.28292047,1739,913,52.50143761
,18,502,250,49.80079681,645,279,43.25581395,1147,529,46.12031386
,19,232,125,53.87931034,274,136,49.6350365,506,261,51.58102767
,20,136,82,60.29411765,173,74,42.77456647,309,156,50.48543689
,21,129,72,55.81395349,166,84,50.60240964,295,156,52.88135593
,22,113,55,48.67256637,134,65,48.50746269,247,120,48.58299595
,23,94,61,64.89361702,117,63,53.84615385,211,124,58.76777251
,24,110,59,53.63636364,109,50,45.87155963,219,109,49.7716895
,25,80,40,50,98,43,43.87755102,178,83,46.62921348
Dumbarton,,,,,,,,,,
,17,243,121,49.79423868,166,83,50,409,204,49.87775061
,18,129,62,48.0620155,159,79,49.68553459,288,141,48.95833333
,19,91,37,40.65934066,74,42,56.75675676,165,79,47.87878788
,20,42,23,54.76190476,43,20,46.51162791,85,43,50.58823529
,21,36,18,50,37,18,48.64864865,73,36,49.31506849
,22,46,14,30.43478261,21,11,52.38095238,67,25,37.31343284
,23,31,18,58.06451613,35,14,40,66,32,48.48484848
,24,41,16,39.02439024,25,11,44,66,27,40.90909091
,25,24,13,54.16666667,23,12,52.17391304,47,25,53.19148936
Dumfries,,,,,,,,,,
,17,306,163,53.26797386,253,124,49.01185771,559,287,51.34168157
,18,167,79,47.30538922,214,88,41.12149533,381,167,43.832021
,19,74,32,43.24324324,81,32,39.50617284,155,64,41.29032258
,20,53,31,58.49056604,40,16,40,93,47,50.53763441
,21,40,23,57.5,49,18,36.73469388,89,41,46.06741573
,22,23,11,47.82608696,41,13,31.70731707,64,24,37.5
,23,17,9,52.94117647,33,11,33.33333333,50,20,40
,24,24,15,62.5,30,9,30,54,24,44.44444444
,25,7,4,57.14285714,27,10,37.03703704,34,14,41.17647059
Dunfermline,,,,,,,,,,
,17,470,277,58.93617021,328,166,50.6097561,798,443,55.51378446
,18,252,137,54.36507937,283,143,50.53003534,535,280,52.3364486
,19,121,56,46.28099174,109,63,57.79816514,230,119,51.73913043
,20,70,40,57.14285714,88,44,50,158,84,53.16455696
,21,74,39,52.7027027,53,29,54.71698113,127,68,53.54330709
,22,38,21,55.26315789,66,35,53.03030303,104,56,53.84615385
,23,47,28,59.57446809,56,28,50,103,56,54.36893204
,24,35,23,65.71428571,53,25,47.16981132,88,48,54.54545455
,25,53,25,47.16981132,63,19,30.15873016,116,44,37.93103448
Dunoon,,,,,,,,,,
,17,31,19,61.29032258,40,25,62.5,71,44,61.97183099
,18,20,6,30,19,11,57.89473684,39,17,43.58974359
,19,13,6,46.15384615,8,3,37.5,21,9,42.85714286
Duns,,,,,,,,,,
,17,44,24,54.54545455,43,26,60.46511628,87,50,57.47126437
,18,22,10,45.45454545,12,7,58.33333333,34,17,50
Eastbourne,,,,,,,,,,
,17,721,445,61.71983356,620,357,57.58064516,1341,802,59.80611484
,18,350,196,56,464,238,51.29310345,814,434,53.31695332
,19,134,69,51.49253731,178,93,52.24719101,312,162,51.92307692
,20,94,57,60.63829787,117,55,47.00854701,211,112,53.08056872
,21,81,48,59.25925926,123,58,47.15447154,204,106,51.96078431
,22,65,40,61.53846154,94,44,46.80851064,159,84,52.83018868
,23,50,29,58,76,37,48.68421053,126,66,52.38095238
,24,55,40,72.72727273,65,30,46.15384615,120,70,58.33333333
,25,63,25,39.68253968,42,21,50,105,46,43.80952381
Edinburgh (Currie),,,,,,,,,,
,17,725,415,57.24137931,563,289,51.3321492,1288,704,54.65838509
,18,409,194,47.43276284,434,187,43.0875576,843,381,45.19572954
,19,190,90,47.36842105,276,127,46.01449275,466,217,46.56652361
,20,132,69,52.27272727,145,64,44.13793103,277,133,48.01444043
,21,119,63,52.94117647,152,70,46.05263158,271,133,49.07749077
,22,138,62,44.92753623,137,65,47.44525547,275,127,46.18181818
,23,135,75,55.55555556,141,73,51.77304965,276,148,53.62318841
,24,124,67,54.03225806,118,47,39.83050847,242,114,47.10743802
,25,123,56,45.52845528,140,50,35.71428571,263,106,40.30418251
Edinburgh (Musselburgh),,,,,,,,,,
,17,508,318,62.5984252,413,230,55.69007264,921,548,59.50054289
,18,329,177,53.7993921,380,183,48.15789474,709,360,50.77574048
,19,214,116,54.20560748,243,119,48.97119342,457,235,51.42231947
,20,141,77,54.60992908,172,80,46.51162791,313,157,50.15974441
,21,125,68,54.4,156,70,44.87179487,281,138,49.11032028
,22,137,71,51.82481752,150,72,48,287,143,49.82578397
,23,145,67,46.20689655,151,60,39.73509934,296,127,42.90540541
,24,100,52,52,145,64,44.13793103,245,116,47.34693878
,25,154,75,48.7012987,116,60,51.72413793,270,135,50
Elgin,,,,,,,,,,
,17,238,130,54.62184874,175,101,57.71428571,413,231,55.93220339
,18,117,55,47.00854701,124,57,45.96774194,241,112,46.47302905
,19,68,34,50,59,29,49.15254237,127,63,49.60629921
,20,47,29,61.70212766,32,16,50,79,45,56.96202532
,21,17,5,29.41176471,35,19,54.28571429,52,24,46.15384615
,22,29,17,58.62068966,39,19,48.71794872,68,36,52.94117647
,23,18,13,72.22222222,36,20,55.55555556,54,33,61.11111111
,24,15,7,46.66666667,22,9,40.90909091,37,16,43.24324324
,25,16,12,75,31,14,45.16129032,47,26,55.31914894
Elswick,,,,,,,,,,
,17,538,274,50.92936803,339,167,49.26253687,877,441,50.28506271
,18,312,138,44.23076923,304,122,40.13157895,616,260,42.20779221
,19,146,72,49.31506849,216,79,36.57407407,362,151,41.71270718
,20,88,39,44.31818182,139,47,33.81294964,227,86,37.88546256
,21,79,35,44.30379747,117,45,38.46153846,196,80,40.81632653
,22,116,57,49.13793103,124,44,35.48387097,240,101,42.08333333
,23,72,32,44.44444444,101,39,38.61386139,173,71,41.04046243
,24,86,40,46.51162791,87,26,29.88505747,173,66,38.15028902
,25,115,58,50.43478261,90,35,38.88888889,205,93,45.36585366
Enfield,,,,,,,,,,
,17,812,352,43.34975369,631,293,46.43423138,1443,645,44.6985447
,18,677,285,42.09748892,651,256,39.32411674,1328,541,40.73795181
,19,418,160,38.27751196,406,140,34.48275862,824,300,36.40776699
,20,274,94,34.30656934,244,98,40.16393443,518,192,37.06563707
,21,234,93,39.74358974,236,90,38.13559322,470,183,38.93617021
,22,205,71,34.63414634,230,88,38.26086957,435,159,36.55172414
,23,187,79,42.2459893,221,74,33.4841629,408,153,37.5
,24,202,81,40.0990099,198,86,43.43434343,400,167,41.75
,25,147,64,43.53741497,195,61,31.28205128,342,125,36.5497076
Erith,,,,,,,,,,
,17,311,170,54.66237942,228,115,50.43859649,539,285,52.87569573
,18,237,119,50.21097046,250,130,52,487,249,51.12936345
,19,103,58,56.31067961,125,65,52,228,123,53.94736842
,20,94,51,54.25531915,89,36,40.4494382,183,87,47.54098361
,21,109,49,44.95412844,90,40,44.44444444,199,89,44.72361809
,22,55,34,61.81818182,66,31,46.96969697,121,65,53.71900826
,23,73,38,52.05479452,64,28,43.75,137,66,48.17518248
,24,69,37,53.62318841,69,22,31.88405797,138,59,42.75362319
,25,71,33,46.47887324,52,22,42.30769231,123,55,44.71544715
Exeter,,,,,,,,,,
,17,889,541,60.85489314,870,494,56.7816092,1759,1035,58.84025014
,18,445,235,52.80898876,550,276,50.18181818,995,511,51.35678392
,19,193,111,57.51295337,295,148,50.16949153,488,259,53.07377049
,20,143,83,58.04195804,172,71,41.27906977,315,154,48.88888889
,21,119,64,53.78151261,171,79,46.19883041,290,143,49.31034483
,22,128,61,47.65625,120,54,45,248,115,46.37096774
,23,74,42,56.75675676,106,48,45.28301887,180,90,50
,24,84,50,59.52380952,119,58,48.7394958,203,108,53.20197044
,25,69,35,50.72463768,77,30,38.96103896,146,65,44.52054795
Failsworth,,,,,,,,,,
,17,780,408,52.30769231,482,226,46.8879668,1262,634,50.23771791
,18,572,260,45.45454545,690,288,41.73913043,1262,548,43.42313788
,19,324,139,42.90123457,441,163,36.96145125,765,302,39.47712418
,20,252,121,48.01587302,295,109,36.94915254,547,230,42.04753199
,21,207,103,49.75845411,292,111,38.01369863,499,214,42.88577154
,22,194,92,47.42268041,260,96,36.92307692,454,188,41.40969163
,23,171,88,51.4619883,212,70,33.01886792,383,158,41.25326371
,24,145,69,47.5862069,189,65,34.39153439,334,134,40.11976048
,25,134,72,53.73134328,178,55,30.8988764,312,127,40.70512821
Falkirk,,,,,,,,,,
,17,464,279,60.12931034,334,189,56.58682635,798,468,58.64661654
,18,275,136,49.45454545,326,151,46.3190184,601,287,47.75374376
,19,102,54,52.94117647,151,64,42.38410596,253,118,46.64031621
,20,73,41,56.16438356,101,36,35.64356436,174,77,44.25287356
,21,40,22,55,89,35,39.3258427,129,57,44.18604651
,22,56,29,51.78571429,88,30,34.09090909,144,59,40.97222222
,23,42,21,50,43,18,41.86046512,85,39,45.88235294
,24,36,19,52.77777778,48,22,45.83333333,84,41,48.80952381
,25,32,15,46.875,51,26,50.98039216,83,41,49.39759036
Farnborough,,,,,,,,,,
,17,1610,933,57.95031056,1568,866,55.22959184,3178,1799,56.60792952
,18,665,325,48.87218045,738,366,49.59349593,1403,691,49.25160371
,19,314,177,56.36942675,307,154,50.16286645,621,331,53.30112721
,20,233,106,45.49356223,182,80,43.95604396,415,186,44.81927711
,21,178,98,55.05617978,152,68,44.73684211,330,166,50.3030303
,22,173,90,52.02312139,125,68,54.4,298,158,53.02013423
,23,134,73,54.47761194,136,63,46.32352941,270,136,50.37037037
,24,130,60,46.15384615,116,50,43.10344828,246,110,44.71544715
,25,116,61,52.5862069,152,66,43.42105263,268,127,47.3880597
Folkestone,,,,,,,,,,
,17,504,251,49.8015873,514,252,49.02723735,1018,503,49.41060904
,18,344,160,46.51162791,302,141,46.68874172,646,301,46.59442724
,19,140,61,43.57142857,148,53,35.81081081,288,114,39.58333333
,20,94,42,44.68085106,101,36,35.64356436,195,78,40
,21,84,37,44.04761905,75,31,41.33333333,159,68,42.7672956
,22,68,32,47.05882353,59,25,42.37288136,127,57,44.88188976
,23,63,23,36.50793651,59,24,40.6779661,122,47,38.52459016
,24,60,33,55,66,31,46.96969697,126,64,50.79365079
,25,28,18,64.28571429,53,16,30.18867925,81,34,41.97530864
Forfar,,,,,,,,,,
,17,109,66,60.55045872,107,77,71.96261682,216,143,66.2037037
,18,45,27,60,46,20,43.47826087,91,47,51.64835165
,19,27,17,62.96296296,23,13,56.52173913,50,30,60
,20,14,4,28.57142857,12,5,41.66666667,26,9,34.61538462
,25,7,3,42.85714286,9,5,55.55555556,16,8,50
Fort William,,,,,,,,,,
,17,29,17,58.62068966,40,23,57.5,69,40,57.97101449
,18,27,14,51.85185185,19,15,78.94736842,46,29,63.04347826
,19,12,7,58.33333333,11,7,63.63636364,23,14,60.86956522
,20,6,2,33.33333333,9,5,55.55555556,15,7,46.66666667
,23,8,5,62.5,7,3,42.85714286,15,8,53.33333333
Fraserburgh,,,,,,,,,,
,17,90,60,66.66666667,81,54,66.66666667,171,114,66.66666667
,18,37,24,64.86486486,37,20,54.05405405,74,44,59.45945946
,19,21,13,61.9047619,22,12,54.54545455,43,25,58.13953488
,20,7,5,71.42857143,11,4,36.36363636,18,9,50
,21,10,8,80,9,6,66.66666667,19,14,73.68421053
Galashiels,,,,,,,,,,
,17,143,86,60.13986014,103,55,53.39805825,246,141,57.31707317
,18,72,39,54.16666667,62,34,54.83870968,134,73,54.47761194
,19,24,12,50,30,14,46.66666667,54,26,48.14814815
,20,15,7,46.66666667,30,14,46.66666667,45,21,46.66666667
,23,12,7,58.33333333,11,4,36.36363636,23,11,47.82608696
,25,9,4,44.44444444,13,8,61.53846154,22,12,54.54545455
Garston,,,,,,,,,,
,17,431,263,61.02088167,284,144,50.70422535,715,407,56.92307692
,18,365,205,56.16438356,355,171,48.16901408,720,376,52.22222222
,19,243,113,46.50205761,274,134,48.90510949,517,247,47.77562863
,20,175,96,54.85714286,216,94,43.51851852,391,190,48.59335038
,21,172,92,53.48837209,246,118,47.96747967,418,210,50.23923445
,22,173,93,53.75722543,214,96,44.85981308,387,189,48.8372093
,23,156,84,53.84615385,193,79,40.93264249,349,163,46.70487106
,24,148,77,52.02702703,171,74,43.2748538,319,151,47.3354232
,25,139,76,54.67625899,131,56,42.7480916,270,132,48.88888889
Gateshead,,,,,,,,,,
,17,565,280,49.55752212,414,194,46.85990338,979,474,48.41675179
,18,326,138,42.33128834,369,150,40.6504065,695,288,41.43884892
,19,142,60,42.25352113,173,76,43.93063584,315,136,43.17460317
,20,105,43,40.95238095,109,45,41.28440367,214,88,41.12149533
,21,70,39,55.71428571,95,31,32.63157895,165,70,42.42424242
,22,92,41,44.56521739,60,26,43.33333333,152,67,44.07894737
,23,99,50,50.50505051,94,34,36.17021277,193,84,43.52331606
,24,93,36,38.70967742,93,32,34.40860215,186,68,36.55913978
,25,75,36,48,71,25,35.21126761,146,61,41.78082192
Gillingham LGV,,,,,,,,,,
,17,704,317,45.02840909,657,269,40.94368341,1361,586,43.05657605
,18,566,220,38.86925795,651,241,37.01996928,1217,461,37.88003287
,19,228,87,38.15789474,312,113,36.21794872,540,200,37.03703704
,20,211,90,42.65402844,166,58,34.93975904,377,148,39.25729443
,21,162,72,44.44444444,116,42,36.20689655,278,114,41.00719424
,22,165,62,37.57575758,99,36,36.36363636,264,98,37.12121212
,23,112,49,43.75,98,33,33.67346939,210,82,39.04761905
,24,112,47,41.96428571,114,41,35.96491228,226,88,38.9380531
,25,81,28,34.56790123,71,22,30.98591549,152,50,32.89473684
Girvan,,,,,,,,,,
,17,36,28,77.77777778,49,22,44.89795918,85,50,58.82352941
,18,19,10,52.63157895,36,15,41.66666667,55,25,45.45454545
Glasgow (Anniesland),,,,,,,,,,
,17,406,199,49.01477833,328,148,45.12195122,734,347,47.27520436
,18,421,194,46.0807601,337,149,44.21364985,758,343,45.25065963
,19,214,82,38.31775701,240,105,43.75,454,187,41.18942731
,20,144,45,31.25,207,87,42.02898551,351,132,37.60683761
,21,117,59,50.42735043,195,90,46.15384615,312,149,47.75641026
,22,127,56,44.09448819,165,59,35.75757576,292,115,39.38356164
,23,84,39,46.42857143,154,60,38.96103896,238,99,41.59663866
,24,123,63,51.2195122,132,60,45.45454545,255,123,48.23529412
,25,100,46,46,136,55,40.44117647,236,101,42.79661017
Glasgow (Baillieston),,,,,,,,,,
,17,545,288,52.8440367,399,170,42.60651629,944,458,48.51694915
,18,485,222,45.77319588,465,190,40.86021505,950,412,43.36842105
,19,293,124,42.32081911,299,124,41.47157191,592,248,41.89189189
,20,197,91,46.1928934,209,95,45.45454545,406,186,45.81280788
,21,149,65,43.62416107,190,64,33.68421053,339,129,38.05309735
,22,116,52,44.82758621,158,61,38.60759494,274,113,41.24087591
,23,126,57,45.23809524,136,52,38.23529412,262,109,41.60305344
,24,142,65,45.77464789,117,40,34.18803419,259,105,40.54054054
,25,99,41,41.41414141,121,42,34.7107438,220,83,37.72727273
Glasgow (Shieldhall),,,,,,,,,,
,17,603,280,46.4344942,433,196,45.26558891,1036,476,45.94594595
,18,486,198,40.74074074,392,158,40.30612245,878,356,40.54669704
,19,237,90,37.97468354,322,110,34.16149068,559,200,35.77817531
,20,171,62,36.25730994,244,82,33.60655738,415,144,34.69879518
,21,169,69,40.82840237,174,54,31.03448276,343,123,35.86005831
,22,139,63,45.32374101,139,48,34.5323741,278,111,39.92805755
,23,128,50,39.0625,160,61,38.125,288,111,38.54166667
,24,110,44,40,130,38,29.23076923,240,82,34.16666667
,25,156,56,35.8974359,133,53,39.84962406,289,109,37.71626298
Glasgow (Springburn Park),,,,,,,,,,
,17,478,251,52.51046025,375,181,48.26666667,853,432,50.64478312
,18,437,202,46.22425629,393,184,46.81933842,830,386,46.5060241
,19,229,120,52.40174672,283,116,40.98939929,512,236,46.09375
,20,176,77,43.75,204,81,39.70588235,380,158,41.57894737
,21,178,83,46.62921348,188,89,47.34042553,366,172,46.99453552
,22,159,64,40.25157233,154,62,40.25974026,313,126,40.25559105
,23,120,61,50.83333333,137,55,40.1459854,257,116,45.13618677
,24,120,56,46.66666667,120,52,43.33333333,240,108,45
,25,98,53,54.08163265,142,54,38.02816901,240,107,44.58333333
Gloucester,,,,,,,,,,
,17,1206,651,53.9800995,1066,565,53.00187617,2272,1216,53.52112676
,18,563,260,46.18117229,688,326,47.38372093,1251,586,46.84252598
,19,249,120,48.19277108,278,122,43.88489209,527,242,45.92030361
,20,122,64,52.45901639,171,78,45.61403509,293,142,48.46416382
,21,134,61,45.52238806,159,70,44.02515723,293,131,44.70989761
,22,94,59,62.76595745,131,66,50.38167939,225,125,55.55555556
,23,78,44,56.41025641,97,40,41.2371134,175,84,48
,24,73,38,52.05479452,77,39,50.64935065,150,77,51.33333333
,25,57,30,52.63157895,67,26,38.80597015,124,56,45.16129032
Goodmayes,,,,,,,,,,
,17,665,300,45.11278195,285,103,36.14035088,950,403,42.42105263
,18,819,329,40.17094017,593,217,36.59359191,1412,546,38.66855524
,19,602,231,38.37209302,599,203,33.88981636,1201,434,36.13655287
,20,394,156,39.59390863,458,145,31.65938865,852,301,35.3286385
,21,355,153,43.09859155,406,143,35.22167488,761,296,38.89618922
,22,337,130,38.57566766,360,122,33.88888889,697,252,36.15494978
,23,338,150,44.37869822,320,100,31.25,658,250,37.99392097
,24,331,128,38.67069486,347,113,32.5648415,678,241,35.54572271
,25,339,140,41.2979351,282,92,32.62411348,621,232,37.35909823
Grantham,,,,,,,,,,
,17,671,398,59.31445604,552,333,60.32608696,1223,731,59.77105478
,18,320,168,52.5,341,163,47.80058651,661,331,50.07564297
,19,134,73,54.47761194,144,74,51.38888889,278,147,52.87769784
,20,70,39,55.71428571,82,38,46.34146341,152,77,50.65789474
,21,70,43,61.42857143,82,39,47.56097561,152,82,53.94736842
,22,55,25,45.45454545,57,30,52.63157895,112,55,49.10714286
,23,53,33,62.26415094,49,26,53.06122449,102,59,57.84313725
,24,36,26,72.22222222,40,19,47.5,76,45,59.21052632
,25,48,27,56.25,39,15,38.46153846,87,42,48.27586207
Greenford,,,,,,,,,,
,17,296,149,50.33783784,115,47,40.86956522,411,196,47.68856448
,18,292,126,43.15068493,229,101,44.10480349,521,227,43.57005758
,19,228,107,46.92982456,220,86,39.09090909,448,193,43.08035714
,20,215,99,46.04651163,168,72,42.85714286,383,171,44.64751958
,21,144,66,45.83333333,161,55,34.16149068,305,121,39.67213115
,22,119,59,49.57983193,148,54,36.48648649,267,113,42.32209738
,23,140,70,50,141,60,42.55319149,281,130,46.2633452
,24,132,67,50.75757576,145,52,35.86206897,277,119,42.96028881
,25,146,62,42.46575342,117,40,34.18803419,263,102,38.78326996
Greenock,,,,,,,,,,
,17,322,167,51.86335404,263,131,49.80988593,585,298,50.94017094
,18,211,88,41.70616114,185,79,42.7027027,396,167,42.17171717
,19,92,43,46.73913043,108,46,42.59259259,200,89,44.5
,20,65,28,43.07692308,37,18,48.64864865,102,46,45.09803922
,21,80,34,42.5,45,17,37.77777778,125,51,40.8
,22,32,21,65.625,49,20,40.81632653,81,41,50.61728395
,23,37,18,48.64864865,25,11,44,62,29,46.77419355
,24,24,11,45.83333333,34,18,52.94117647,58,29,50
,25,39,17,43.58974359,17,8,47.05882353,56,25,44.64285714
Grimsby,,,,,,,,,,
,17,794,357,44.96221662,591,251,42.47038917,1385,608,43.89891697
,18,398,187,46.98492462,494,206,41.70040486,892,393,44.05829596
,19,222,84,37.83783784,225,93,41.33333333,447,177,39.59731544
,20,83,38,45.78313253,137,57,41.60583942,220,95,43.18181818
,21,134,62,46.26865672,105,38,36.19047619,239,100,41.84100418
,22,78,40,51.28205128,115,42,36.52173913,193,82,42.48704663
,23,91,42,46.15384615,103,43,41.74757282,194,85,43.81443299
,24,74,41,55.40540541,60,32,53.33333333,134,73,54.47761194
,25,73,35,47.94520548,70,27,38.57142857,143,62,43.35664336
Guildford,,,,,,,,,,
,17,1030,538,52.23300971,1111,596,53.64536454,2141,1134,52.96590378
,18,508,254,50,511,237,46.37964775,1019,491,48.1844946
,19,211,89,42.18009479,180,90,50,391,179,45.78005115
,20,175,75,42.85714286,147,67,45.57823129,322,142,44.09937888
,21,109,55,50.4587156,114,55,48.24561404,223,110,49.32735426
,22,101,58,57.42574257,104,46,44.23076923,205,104,50.73170732
,23,101,47,46.53465347,112,48,42.85714286,213,95,44.60093897
,24,65,30,46.15384615,126,45,35.71428571,191,75,39.26701571
,25,88,48,54.54545455,71,27,38.02816901,159,75,47.16981132
Haddington,,,,,,,,,,
,17,228,146,64.03508772,165,105,63.63636364,393,251,63.86768448
,18,69,42,60.86956522,101,55,54.45544554,170,97,57.05882353
,19,31,18,58.06451613,41,23,56.09756098,72,41,56.94444444
,20,27,16,59.25925926,29,20,68.96551724,56,36,64.28571429
,22,17,7,41.17647059,16,9,56.25,33,16,48.48484848
,23,15,8,53.33333333,22,12,54.54545455,37,20,54.05405405
,24,10,6,60,13,11,84.61538462,23,17,73.91304348
,25,6,2,33.33333333,16,10,62.5,22,12,54.54545455
Halifax,,,,,,,,,,
,17,411,261,63.50364964,354,198,55.93220339,765,459,60
,18,284,157,55.28169014,404,173,42.82178218,688,330,47.96511628
,19,149,79,53.02013423,199,76,38.19095477,348,155,44.54022989
,20,98,45,45.91836735,135,56,41.48148148,233,101,43.34763948
,21,83,46,55.42168675,114,43,37.71929825,197,89,45.17766497
,22,72,37,51.38888889,142,55,38.73239437,214,92,42.99065421
,23,61,32,52.45901639,87,37,42.52873563,148,69,46.62162162
,24,75,37,49.33333333,83,33,39.75903614,158,70,44.30379747
,25,65,42,64.61538462,77,34,44.15584416,142,76,53.52112676
Hamilton,,,,,,,,,,
,17,740,319,43.10810811,531,197,37.09981168,1271,516,40.59795437
,18,572,211,36.88811189,561,206,36.7201426,1133,417,36.80494263
,19,249,93,37.34939759,385,107,27.79220779,634,200,31.54574132
,20,169,68,40.23668639,216,77,35.64814815,385,145,37.66233766
,21,113,52,46.01769912,164,59,35.97560976,277,111,40.07220217
,22,124,45,36.29032258,154,56,36.36363636,278,101,36.33093525
,23,93,45,48.38709677,123,45,36.58536585,216,90,41.66666667
,24,93,37,39.78494624,123,40,32.5203252,216,77,35.64814815
,25,75,32,42.66666667,84,30,35.71428571,159,62,38.99371069
Hartlepool,,,,,,,,,,
,17,797,414,51.94479297,665,313,47.06766917,1462,727,49.72640219
,18,395,179,45.3164557,510,218,42.74509804,905,397,43.86740331
,19,209,97,46.41148325,296,133,44.93243243,505,230,45.54455446
,20,114,63,55.26315789,125,51,40.8,239,114,47.69874477
,21,98,50,51.02040816,140,66,47.14285714,238,116,48.7394958
,22,82,42,51.2195122,115,44,38.26086957,197,86,43.65482234
,23,93,52,55.91397849,121,45,37.19008264,214,97,45.3271028
,24,69,37,53.62318841,123,47,38.21138211,192,84,43.75
,25,49,30,61.2244898,109,39,35.77981651,158,69,43.67088608
Hastings,,,,,,,,,,
,17,568,289,50.88028169,374,167,44.65240642,942,456,48.40764331
,18,303,140,46.20462046,351,157,44.72934473,654,297,45.41284404
,19,127,65,51.18110236,136,65,47.79411765,263,130,49.42965779
,20,122,56,45.90163934,73,37,50.68493151,195,93,47.69230769
,21,84,50,59.52380952,46,26,56.52173913,130,76,58.46153846
,22,68,32,47.05882353,70,34,48.57142857,138,66,47.82608696
,23,41,16,39.02439024,49,21,42.85714286,90,37,41.11111111
,24,48,21,43.75,45,16,35.55555556,93,37,39.78494624
,25,51,20,39.21568627,53,13,24.52830189,104,33,31.73076923
Hawick,,,,,,,,,,
,17,38,26,68.42105263,37,14,37.83783784,75,40,53.33333333
,18,27,11,40.74074074,36,17,47.22222222,63,28,44.44444444
,19,11,7,63.63636364,12,4,33.33333333,23,11,47.82608696
,20,8,3,37.5,6,2,33.33333333,14,5,35.71428571
Hayes,,,,,,,,,,
,17,433,242,55.8891455,347,184,53.0259366,780,426,54.61538462
,18,370,185,50,370,176,47.56756757,740,361,48.78378378
,19,286,130,45.45454545,339,151,44.54277286,625,281,44.96
,20,212,100,47.16981132,223,91,40.80717489,435,191,43.90804598
,21,183,86,46.99453552,186,83,44.62365591,369,169,45.79945799
,22,142,73,51.4084507,151,59,39.07284768,293,132,45.05119454
,23,180,84,46.66666667,123,55,44.71544715,303,139,45.87458746
,24,133,69,51.87969925,128,52,40.625,261,121,46.36015326
,25,124,61,49.19354839,144,65,45.13888889,268,126,47.01492537
Heckmondwike,,,,,,,,,,
,17,638,274,42.94670846,333,132,39.63963964,971,406,41.81256437
,18,596,204,34.22818792,516,170,32.94573643,1112,374,33.63309353
,19,268,99,36.94029851,404,120,29.7029703,672,219,32.58928571
,20,193,64,33.16062176,212,59,27.83018868,405,123,30.37037037
,21,105,58,55.23809524,191,62,32.46073298,296,120,40.54054054
,22,118,46,38.98305085,160,46,28.75,278,92,33.09352518
,23,118,52,44.06779661,183,40,21.8579235,301,92,30.56478405
,24,134,44,32.8358209,162,38,23.45679012,296,82,27.7027027
,25,100,31,31,156,44,28.20512821,256,75,29.296875
Hendon,,,,,,,,,,
,17,667,313,46.92653673,355,190,53.52112676,1022,503,49.21722114
,18,515,243,47.18446602,403,162,40.19851117,918,405,44.11764706
,19,393,169,43.00254453,389,170,43.70179949,782,339,43.35038363
,20,300,144,48,307,103,33.5504886,607,247,40.69192751
,21,280,120,42.85714286,272,114,41.91176471,552,234,42.39130435
,22,258,125,48.4496124,223,94,42.15246637,481,219,45.53014553
,23,233,121,51.93133047,238,94,39.49579832,471,215,45.64755839
,24,231,102,44.15584416,292,119,40.75342466,523,221,42.25621415
,25,209,113,54.06698565,211,82,38.86255924,420,195,46.42857143
Hereford,,,,,,,,,,
,17,512,296,57.8125,443,260,58.69074492,955,556,58.21989529
,18,265,127,47.9245283,281,150,53.38078292,546,277,50.73260073
,19,113,59,52.21238938,172,75,43.60465116,285,134,47.01754386
,20,72,38,52.77777778,88,41,46.59090909,160,79,49.375
,21,54,25,46.2962963,61,28,45.90163934,115,53,46.08695652
,22,52,28,53.84615385,47,22,46.80851064,99,50,50.50505051
,23,33,20,60.60606061,55,22,40,88,42,47.72727273
,24,37,18,48.64864865,45,18,40,82,36,43.90243902
,25,29,12,41.37931034,26,13,50,55,25,45.45454545
Herne Bay,,,,,,,,,,
,17,920,467,50.76086957,768,385,50.13020833,1688,852,50.47393365
,18,606,271,44.71947195,658,285,43.31306991,1264,556,43.98734177
,19,258,126,48.8372093,346,142,41.04046243,604,268,44.37086093
,20,197,89,45.17766497,201,64,31.84079602,398,153,38.44221106
,21,122,61,50,160,61,38.125,282,122,43.26241135
,22,104,45,43.26923077,127,53,41.73228346,231,98,42.42424242
,23,116,55,47.4137931,107,44,41.12149533,223,99,44.39461883
,24,100,41,41,136,49,36.02941176,236,90,38.13559322
,25,101,49,48.51485149,116,54,46.55172414,217,103,47.46543779
Hexham,,,,,,,,,,
,17,321,177,55.14018692,301,142,47.17607973,622,319,51.28617363
,18,159,77,48.42767296,214,90,42.05607477,373,167,44.77211796
,19,49,28,57.14285714,95,30,31.57894737,144,58,40.27777778
,20,22,15,68.18181818,36,19,52.77777778,58,34,58.62068966
,21,24,19,79.16666667,28,15,53.57142857,52,34,65.38461538
,22,13,7,53.84615385,23,9,39.13043478,36,16,44.44444444
,23,15,10,66.66666667,27,13,48.14814815,42,23,54.76190476
,24,15,9,60,20,9,45,35,18,51.42857143
,25,12,8,66.66666667,19,8,42.10526316,31,16,51.61290323
Heysham,,,,,,,,,,
,17,510,304,59.60784314,390,218,55.8974359,900,522,58
,18,206,110,53.39805825,276,139,50.36231884,482,249,51.65975104
,19,128,60,46.875,136,65,47.79411765,264,125,47.34848485
,20,85,49,57.64705882,123,58,47.15447154,208,107,51.44230769
,21,98,53,54.08163265,110,54,49.09090909,208,107,51.44230769
,22,82,43,52.43902439,80,40,50,162,83,51.2345679
,23,60,35,58.33333333,58,27,46.55172414,118,62,52.54237288
,24,66,29,43.93939394,67,31,46.26865672,133,60,45.11278195
,25,99,47,47.47474747,48,16,33.33333333,147,63,42.85714286
High Wycombe,,,,,,,,,,
,17,988,580,58.70445344,880,524,59.54545455,1868,1104,59.1006424
,18,451,252,55.87583149,502,255,50.79681275,953,507,53.20041973
,19,191,111,58.11518325,205,94,45.85365854,396,205,51.76767677
,20,97,51,52.57731959,136,61,44.85294118,233,112,48.06866953
,21,87,50,57.47126437,81,39,48.14814815,168,89,52.97619048
,22,105,54,51.42857143,86,41,47.6744186,191,95,49.7382199
,23,90,44,48.88888889,92,40,43.47826087,182,84,46.15384615
,24,76,41,53.94736842,89,38,42.69662921,165,79,47.87878788
,25,57,27,47.36842105,77,30,38.96103896,134,57,42.53731343
Hinckley,,,,,,,,,,
,17,498,309,62.04819277,469,272,57.99573561,967,581,60.08273009
,18,291,147,50.51546392,306,162,52.94117647,597,309,51.75879397
,19,84,53,63.0952381,112,59,52.67857143,196,112,57.14285714
,20,55,32,58.18181818,87,41,47.12643678,142,73,51.4084507
,21,37,22,59.45945946,46,21,45.65217391,83,43,51.80722892
,22,49,27,55.10204082,51,21,41.17647059,100,48,48
,23,56,30,53.57142857,28,17,60.71428571,84,47,55.95238095
,24,29,20,68.96551724,31,14,45.16129032,60,34,56.66666667
,25,17,15,88.23529412,34,11,32.35294118,51,26,50.98039216
Hither Green,,,,,,,,,,
,17,455,205,45.05494505,223,92,41.25560538,678,297,43.80530973
,18,465,192,41.29032258,359,144,40.11142061,824,336,40.77669903
,19,352,141,40.05681818,345,114,33.04347826,697,255,36.58536585
,20,307,117,38.11074919,275,86,31.27272727,582,203,34.87972509
,21,251,99,39.44223108,245,82,33.46938776,496,181,36.49193548
,22,251,90,35.85657371,262,105,40.07633588,513,195,38.01169591
,23,214,90,42.05607477,204,77,37.74509804,418,167,39.95215311
,24,198,98,49.49494949,211,66,31.27962085,409,164,40.09779951
,25,222,97,43.69369369,212,74,34.90566038,434,171,39.40092166
Hornchurch,,,,,,,,,,
,17,1007,494,49.05660377,916,420,45.85152838,1923,914,47.5299012
,18,772,337,43.65284974,812,360,44.33497537,1584,697,44.00252525
,19,429,169,39.39393939,416,162,38.94230769,845,331,39.17159763
,20,259,118,45.55984556,264,100,37.87878788,523,218,41.68260038
,21,218,98,44.95412844,308,106,34.41558442,526,204,38.78326996
,22,226,93,41.15044248,215,88,40.93023256,441,181,41.0430839
,23,171,64,37.42690058,199,74,37.18592965,370,138,37.2972973
,24,183,77,42.07650273,194,77,39.69072165,377,154,40.84880637
,25,148,58,39.18918919,202,84,41.58415842,350,142,40.57142857
Horsforth,,,,,,,,,,
,17,661,315,47.65506808,453,217,47.90286976,1114,532,47.75583483
,18,465,227,48.8172043,482,187,38.7966805,947,414,43.71700106
,19,267,133,49.81273408,301,126,41.86046512,568,259,45.59859155
,20,163,82,50.30674847,248,87,35.08064516,411,169,41.11922141
,21,161,71,44.09937888,207,78,37.68115942,368,149,40.48913043
,22,152,75,49.34210526,254,109,42.91338583,406,184,45.32019704
,23,148,70,47.2972973,227,95,41.85022026,375,165,44
,24,162,81,50,203,70,34.48275862,365,151,41.36986301
,25,132,63,47.72727273,192,61,31.77083333,324,124,38.27160494
Huddersfield,,,,,,,,,,
,17,660,403,61.06060606,443,225,50.79006772,1103,628,56.9356301
,18,475,245,51.57894737,576,258,44.79166667,1051,503,47.85918173
,19,241,123,51.0373444,307,130,42.34527687,548,253,46.16788321
,20,120,61,50.83333333,195,74,37.94871795,315,135,42.85714286
,21,120,62,51.66666667,201,89,44.27860697,321,151,47.04049844
,22,137,66,48.17518248,154,70,45.45454545,291,136,46.73539519
,23,129,69,53.48837209,131,54,41.22137405,260,123,47.30769231
,24,85,40,47.05882353,149,52,34.89932886,234,92,39.31623932
,25,122,62,50.81967213,101,46,45.54455446,223,108,48.43049327
Hull,,,,,,,,,,
,17,1191,618,51.88916877,876,429,48.97260274,2067,1047,50.65312046
,18,842,408,48.45605701,947,404,42.66103485,1789,812,45.38848519
,19,320,161,50.3125,438,192,43.83561644,758,353,46.56992084
,20,239,114,47.69874477,282,124,43.97163121,521,238,45.68138196
,21,222,119,53.6036036,257,125,48.6381323,479,244,50.9394572
,22,179,96,53.63128492,223,97,43.49775785,402,193,48.00995025
,23,184,100,54.34782609,168,87,51.78571429,352,187,53.125
,24,167,79,47.30538922,148,63,42.56756757,315,142,45.07936508
,25,119,56,47.05882353,169,65,38.46153846,288,121,42.01388889
Huntly,,,,,,,,,,
,17,56,44,78.57142857,56,35,62.5,112,79,70.53571429
,18,22,13,59.09090909,31,17,54.83870968,53,30,56.60377358
,19,11,3,27.27272727,11,5,45.45454545,22,8,36.36363636
Hyde,,,,,,,,,,
,17,561,339,60.42780749,467,261,55.88865096,1028,600,58.36575875
,18,440,241,54.77272727,487,252,51.74537988,927,493,53.18230852
,19,190,106,55.78947368,256,125,48.828125,446,231,51.79372197
,20,129,72,55.81395349,147,85,57.82312925,276,157,56.88405797
,21,107,68,63.55140187,129,61,47.28682171,236,129,54.66101695
,22,100,53,53,140,65,46.42857143,240,118,49.16666667
,23,84,45,53.57142857,99,48,48.48484848,183,93,50.81967213
,24,86,53,61.62790698,103,51,49.51456311,189,104,55.02645503
,25,90,58,64.44444444,80,42,52.5,170,100,58.82352941
Inverness (Cradlehall Business Park),,,,,,,,,,
,17,285,174,61.05263158,176,99,56.25,461,273,59.21908894
,18,125,74,59.2,159,81,50.94339623,284,155,54.57746479
,19,78,41,52.56410256,77,44,57.14285714,155,85,54.83870968
,20,67,39,58.20895522,44,22,50,111,61,54.95495495
,21,47,29,61.70212766,41,17,41.46341463,88,46,52.27272727
,22,55,28,50.90909091,33,17,51.51515152,88,45,51.13636364
,23,32,18,56.25,46,26,56.52173913,78,44,56.41025641
,24,42,25,59.52380952,42,24,57.14285714,84,49,58.33333333
,25,32,16,50,25,13,52,57,29,50.87719298
Inverurie,,,,,,,,,,
,17,139,101,72.6618705,173,113,65.31791908,312,214,68.58974359
,18,74,42,56.75675676,62,42,67.74193548,136,84,61.76470588
,19,23,13,56.52173913,30,18,60,53,31,58.49056604
,20,22,14,63.63636364,18,12,66.66666667,40,26,65
,21,18,14,77.77777778,8,6,75,26,20,76.92307692
,22,7,3,42.85714286,14,7,50,21,10,47.61904762
,23,6,5,83.33333333,8,6,75,14,11,78.57142857
Ipswich,,,,,,,,,,
,17,1189,676,56.85449958,1191,644,54.07220823,2380,1320,55.46218487
,18,635,316,49.76377953,686,333,48.54227405,1321,649,49.12944739
,19,233,122,52.36051502,327,145,44.34250765,560,267,47.67857143
,20,138,69,50,174,80,45.97701149,312,149,47.75641026
,21,121,64,52.89256198,153,62,40.52287582,274,126,45.98540146
,22,111,57,51.35135135,134,62,46.26865672,245,119,48.57142857
,23,94,48,51.06382979,112,48,42.85714286,206,96,46.60194175
,24,89,49,55.05617978,120,57,47.5,209,106,50.71770335
,25,102,46,45.09803922,77,40,51.94805195,179,86,48.04469274
Isle of Skye (Portree),,,,,,,,,,
,17,22,14,63.63636364,37,16,43.24324324,59,30,50.84745763
,18,12,8,66.66666667,20,11,55,32,19,59.375
Isleworth,,,,,,,,,,
,17,563,319,56.660746,447,227,50.78299776,1010,546,54.05940594
,18,571,283,49.56217163,540,256,47.40740741,1111,539,48.51485149
,19,404,164,40.59405941,387,165,42.63565891,791,329,41.59292035
,20,261,113,43.29501916,287,131,45.6445993,548,244,44.52554745
,21,235,105,44.68085106,231,104,45.02164502,466,209,44.84978541
,22,236,100,42.37288136,252,108,42.85714286,488,208,42.62295082
,23,221,107,48.41628959,269,121,44.98141264,490,228,46.53061224
,24,263,128,48.66920152,221,106,47.9638009,484,234,48.34710744
,25,193,87,45.07772021,264,91,34.46969697,457,178,38.94967177
Kelso,,,,,,,,,,
,17,35,23,65.71428571,36,20,55.55555556,71,43,60.56338028
,18,32,16,50,26,17,65.38461538,58,33,56.89655172
,19,12,2,16.66666667,11,4,36.36363636,23,6,26.08695652
,20,9,6,66.66666667,6,4,66.66666667,15,10,66.66666667
Kendal,,,,,,,,,,
,17,532,334,62.78195489,432,282,65.27777778,964,616,63.90041494
,18,175,106,60.57142857,179,83,46.36871508,354,189,53.38983051
,19,80,50,62.5,69,33,47.82608696,149,83,55.70469799
,20,36,21,58.33333333,46,25,54.34782609,82,46,56.09756098
,21,30,21,70,37,24,64.86486486,67,45,67.1641791
,22,22,16,72.72727273,37,21,56.75675676,59,37,62.71186441
,23,21,12,57.14285714,35,16,45.71428571,56,28,50
,24,18,15,83.33333333,18,9,50,36,24,66.66666667
,25,17,8,47.05882353,15,9,60,32,17,53.125
Kettering,,,,,,,,,,
,17,1042,596,57.19769674,881,451,51.19182747,1923,1047,54.44617785
,18,675,333,49.33333333,751,342,45.53928096,1426,675,47.33520337
,19,250,134,53.6,313,121,38.65814696,563,255,45.29307282
,20,175,83,47.42857143,202,85,42.07920792,377,168,44.56233422
,21,133,70,52.63157895,138,64,46.37681159,271,134,49.44649446
,22,105,61,58.0952381,135,63,46.66666667,240,124,51.66666667
,23,93,47,50.53763441,95,39,41.05263158,188,86,45.74468085
,24,76,43,56.57894737,110,47,42.72727273,186,90,48.38709677
,25,53,31,58.49056604,87,41,47.12643678,140,72,51.42857143
Kings Lynn,,,,,,,,,,
,17,841,454,53.98335315,757,397,52.44385733,1598,851,53.25406758
,18,324,170,52.4691358,386,179,46.37305699,710,349,49.15492958
,19,193,87,45.07772021,163,69,42.33128834,356,156,43.82022472
,20,103,40,38.83495146,104,48,46.15384615,207,88,42.51207729
,21,62,36,58.06451613,69,23,33.33333333,131,59,45.03816794
,22,44,22,50,44,18,40.90909091,88,40,45.45454545
,23,68,32,47.05882353,54,19,35.18518519,122,51,41.80327869
,24,33,20,60.60606061,42,19,45.23809524,75,39,52
,25,50,22,44,40,12,30,90,34,37.77777778
Kirkcaldy,,,,,,,,,,
,17,616,327,53.08441558,464,251,54.09482759,1080,578,53.51851852
,18,360,172,47.77777778,361,183,50.69252078,721,355,49.2371706
,19,191,90,47.12041885,205,76,37.07317073,396,166,41.91919192
,20,94,50,53.19148936,109,57,52.29357798,203,107,52.70935961
,21,99,54,54.54545455,84,39,46.42857143,183,93,50.81967213
,22,72,32,44.44444444,77,34,44.15584416,149,66,44.29530201
,23,55,39,70.90909091,75,29,38.66666667,130,68,52.30769231
,24,38,20,52.63157895,60,25,41.66666667,98,45,45.91836735
,25,43,27,62.79069767,43,20,46.51162791,86,47,54.65116279
Lampeter,,,,,,,,,,
,17,159,107,67.29559748,160,112,70,319,219,68.65203762
,18,64,44,68.75,46,26,56.52173913,110,70,63.63636364
,19,38,28,73.68421053,21,10,47.61904762,59,38,64.40677966
,20,11,6,54.54545455,10,8,80,21,14,66.66666667
,21,17,10,58.82352941,10,9,90,27,19,70.37037037
,22,11,6,54.54545455,11,6,54.54545455,22,12,54.54545455
,23,15,11,73.33333333,21,7,33.33333333,36,18,50
,24,10,6,60,19,8,42.10526316,29,14,48.27586207
,25,13,5,38.46153846,6,4,66.66666667,19,9,47.36842105
Lanark,,,,,,,,,,
,17,238,135,56.72268908,190,89,46.84210526,428,224,52.3364486
,18,119,55,46.21848739,206,85,41.26213592,325,140,43.07692308
,19,65,31,47.69230769,92,35,38.04347826,157,66,42.03821656
,20,33,12,36.36363636,54,24,44.44444444,87,36,41.37931034
,21,28,16,57.14285714,33,8,24.24242424,61,24,39.3442623
,22,23,13,56.52173913,30,12,40,53,25,47.16981132
,23,21,12,57.14285714,37,9,24.32432432,58,21,36.20689655
,24,23,12,52.17391304,18,5,27.77777778,41,17,41.46341463
,25,16,7,43.75,20,4,20,36,11,30.55555556
Launceston,,,,,,,,,,
,17,556,334,60.07194245,528,311,58.90151515,1084,645,59.50184502
,18,202,111,54.95049505,215,114,53.02325581,417,225,53.95683453
,19,68,33,48.52941176,92,48,52.17391304,160,81,50.625
,20,43,24,55.81395349,67,30,44.7761194,110,54,49.09090909
,21,50,23,46,33,18,54.54545455,83,41,49.39759036
,22,29,15,51.72413793,45,19,42.22222222,74,34,45.94594595
,23,37,16,43.24324324,20,14,70,57,30,52.63157895
,24,19,10,52.63157895,17,6,35.29411765,36,16,44.44444444
,25,8,6,75,18,7,38.88888889,26,13,50
Lee On The Solent,,,,,,,,,,
,17,838,480,57.27923628,734,407,55.44959128,1572,887,56.42493639
,18,301,153,50.83056478,337,164,48.66468843,638,317,49.68652038
,19,177,97,54.80225989,188,83,44.14893617,365,180,49.31506849
,20,114,64,56.14035088,123,70,56.91056911,237,134,56.54008439
,21,86,46,53.48837209,89,38,42.69662921,175,84,48
,22,81,43,53.08641975,89,48,53.93258427,170,91,53.52941176
,23,68,43,63.23529412,59,32,54.23728814,127,75,59.05511811
,24,54,28,51.85185185,64,30,46.875,118,58,49.15254237
,25,50,32,64,62,24,38.70967742,112,56,50
Leeds,,,,,,,,,,
,17,547,238,43.51005484,341,137,40.17595308,888,375,42.22972973
,18,534,218,40.82397004,457,156,34.1356674,991,374,37.73965691
,19,283,113,39.92932862,321,121,37.69470405,604,234,38.74172185
,20,218,89,40.82568807,282,96,34.04255319,500,185,37
,21,180,68,37.77777778,251,83,33.06772908,431,151,35.03480278
,22,184,75,40.76086957,200,76,38,384,151,39.32291667
,23,161,66,40.99378882,206,68,33.00970874,367,134,36.51226158
,24,172,73,42.44186047,169,56,33.13609467,341,129,37.82991202
,25,181,80,44.19889503,179,54,30.16759777,360,134,37.22222222
Leicester (Gipsy Lane),,,,,,,,,,
,17,500,278,55.6,284,153,53.87323944,784,431,54.9744898
,18,426,227,53.28638498,417,209,50.11990408,843,436,51.72004745
,19,244,130,53.27868852,267,124,46.44194757,511,254,49.70645793
,20,123,70,56.91056911,187,79,42.2459893,310,149,48.06451613
,21,122,61,50,164,71,43.29268293,286,132,46.15384615
,22,98,60,61.2244898,127,67,52.75590551,225,127,56.44444444
,23,89,48,53.93258427,130,49,37.69230769,219,97,44.29223744
,24,107,50,46.72897196,139,72,51.79856115,246,122,49.59349593
,25,99,53,53.53535354,105,46,43.80952381,204,99,48.52941176
Leicester (Wigston),,,,,,,,,,
,17,703,367,52.20483642,480,248,51.66666667,1183,615,51.98647506
,18,458,223,48.68995633,481,209,43.45114345,939,432,46.00638978
,19,179,76,42.45810056,283,107,37.80918728,462,183,39.61038961
,20,117,52,44.44444444,168,64,38.0952381,285,116,40.70175439
,21,89,52,58.42696629,127,47,37.00787402,216,99,45.83333333
,22,91,38,41.75824176,150,56,37.33333333,241,94,39.00414938
,23,86,39,45.34883721,104,38,36.53846154,190,77,40.52631579
,24,109,43,39.44954128,100,35,35,209,78,37.32057416
,25,77,33,42.85714286,94,32,34.04255319,171,65,38.01169591
Leighton Buzzard,,,,,,,,,,
,17,711,411,57.80590717,690,372,53.91304348,1401,783,55.88865096
,18,373,179,47.98927614,389,166,42.67352185,762,345,45.27559055
,19,120,63,52.5,179,70,39.10614525,299,133,44.48160535
,20,86,42,48.8372093,106,45,42.45283019,192,87,45.3125
,21,83,41,49.39759036,71,32,45.07042254,154,73,47.4025974
,22,63,33,52.38095238,58,27,46.55172414,121,60,49.58677686
,23,64,30,46.875,59,23,38.98305085,123,53,43.08943089
,24,40,17,42.5,46,28,60.86956522,86,45,52.3255814
,25,42,21,50,34,16,47.05882353,76,37,48.68421053
Lerwick,,,,,,,,,,
,17,105,75,71.42857143,80,56,70,185,131,70.81081081
,18,25,18,72,22,17,77.27272727,47,35,74.46808511
,19,16,12,75,10,8,80,26,20,76.92307692
,20,8,5,62.5,15,9,60,23,14,60.86956522
,21,8,4,50,8,7,87.5,16,11,68.75
Letchworth,,,,,,,,,,
,17,721,424,58.80721221,748,421,56.28342246,1469,845,57.52212389
,18,364,172,47.25274725,478,219,45.81589958,842,391,46.43705463
,19,156,86,55.12820513,165,81,49.09090909,321,167,52.02492212
,20,94,54,57.44680851,91,37,40.65934066,185,91,49.18918919
,21,66,31,46.96969697,61,28,45.90163934,127,59,46.45669291
,22,65,36,55.38461538,65,28,43.07692308,130,64,49.23076923
,23,65,30,46.15384615,58,29,50,123,59,47.96747967
,24,57,30,52.63157895,56,20,35.71428571,113,50,44.24778761
,25,36,19,52.77777778,59,29,49.15254237,95,48,50.52631579
Lichfield,,,,,,,,,,
,17,1032,605,58.62403101,869,493,56.73187572,1901,1098,57.75907417
,18,613,301,49.10277325,635,297,46.77165354,1248,598,47.91666667
,19,238,122,51.2605042,275,128,46.54545455,513,250,48.73294347
,20,143,72,50.34965035,161,68,42.23602484,304,140,46.05263158
,21,102,52,50.98039216,140,69,49.28571429,242,121,50
,22,122,52,42.62295082,118,51,43.22033898,240,103,42.91666667
,23,67,32,47.76119403,122,56,45.90163934,189,88,46.56084656
,24,73,32,43.83561644,98,52,53.06122449,171,84,49.12280702
,25,76,38,50,91,32,35.16483516,167,70,41.91616766
Lincoln,,,,,,,,,,
,17,921,477,51.79153094,729,408,55.96707819,1650,885,53.63636364
,18,492,225,45.73170732,499,228,45.69138277,991,453,45.71140262
,19,206,97,47.08737864,253,111,43.87351779,459,208,45.31590414
,20,126,63,50,197,83,42.1319797,323,146,45.20123839
,21,96,48,50,172,74,43.02325581,268,122,45.52238806
,22,109,61,55.96330275,132,62,46.96969697,241,123,51.0373444
,23,78,42,53.84615385,114,56,49.12280702,192,98,51.04166667
,24,79,36,45.56962025,95,35,36.84210526,174,71,40.8045977
,25,94,46,48.93617021,68,33,48.52941176,162,79,48.7654321
Llandrindod Wells,,,,,,,,,,
,17,186,153,82.25806452,155,112,72.25806452,341,265,77.71260997
,18,49,35,71.42857143,57,42,73.68421053,106,77,72.64150943
,19,28,20,71.42857143,16,9,56.25,44,29,65.90909091
,20,12,9,75,21,15,71.42857143,33,24,72.72727273
,21,10,8,80,14,10,71.42857143,24,18,75
,22,13,10,76.92307692,6,3,50,19,13,68.42105263
,23,6,4,66.66666667,11,10,90.90909091,17,14,82.35294118
,24,7,7,100,7,4,57.14285714,14,11,78.57142857
Llanelli,,,,,,,,,,
,17,494,292,59.10931174,457,251,54.92341357,951,543,57.0977918
,18,234,137,58.54700855,287,141,49.12891986,521,278,53.35892514
,19,95,52,54.73684211,92,41,44.56521739,187,93,49.73262032
,20,65,35,53.84615385,50,20,40,115,55,47.82608696
,21,33,17,51.51515152,44,25,56.81818182,77,42,54.54545455
,22,34,21,61.76470588,35,20,57.14285714,69,41,59.42028986
,23,39,16,41.02564103,35,15,42.85714286,74,31,41.89189189
,24,31,16,51.61290323,37,22,59.45945946,68,38,55.88235294
,25,25,15,60,36,17,47.22222222,61,32,52.45901639
Lochgilphead,,,,,,,,,,
,17,42,34,80.95238095,32,20,62.5,74,54,72.97297297
,18,9,4,44.44444444,14,10,71.42857143,23,14,60.86956522
Longbenton,,,,,,,,,,
,17,642,362,56.38629283,490,235,47.95918367,1132,597,52.7385159
,18,362,186,51.38121547,424,194,45.75471698,786,380,48.34605598
,19,197,101,51.26903553,212,81,38.20754717,409,182,44.49877751
,20,138,65,47.10144928,179,81,45.25139665,317,146,46.05678233
,21,173,92,53.17919075,166,71,42.77108434,339,163,48.08259587
,22,118,65,55.08474576,172,75,43.60465116,290,140,48.27586207
,23,142,70,49.29577465,150,83,55.33333333,292,153,52.39726027
,24,120,58,48.33333333,135,61,45.18518519,255,119,46.66666667
,25,133,59,44.36090226,145,63,43.44827586,278,122,43.88489209
Loughborough,,,,,,,,,,
,17,663,379,57.16440422,532,293,55.07518797,1195,672,56.23430962
,18,376,176,46.80851064,490,218,44.48979592,866,394,45.4965358
,19,186,91,48.92473118,188,87,46.27659574,374,178,47.59358289
,20,117,63,53.84615385,132,51,38.63636364,249,114,45.78313253
,21,115,48,41.73913043,91,41,45.05494505,206,89,43.2038835
,22,97,46,47.42268041,87,43,49.42528736,184,89,48.36956522
,23,70,31,44.28571429,85,37,43.52941176,155,68,43.87096774
,24,53,30,56.60377358,72,34,47.22222222,125,64,51.2
,25,58,30,51.72413793,67,34,50.74626866,125,64,51.2
Loughton,,,,,,,,,,
,17,616,299,48.53896104,520,233,44.80769231,1136,532,46.83098592
,18,375,180,48,380,165,43.42105263,755,345,45.69536424
,19,191,75,39.26701571,213,69,32.3943662,404,144,35.64356436
,20,159,60,37.73584906,125,40,32,284,100,35.21126761
,21,120,49,40.83333333,100,33,33,220,82,37.27272727
,22,125,50,40,94,33,35.10638298,219,83,37.89954338
,23,129,53,41.08527132,117,42,35.8974359,246,95,38.61788618
,24,105,36,34.28571429,101,33,32.67326733,206,69,33.49514563
,25,103,35,33.98058252,93,30,32.25806452,196,65,33.16326531
Lower Gornal,,,,,,,,,,
,17,879,450,51.19453925,668,370,55.38922156,1547,820,53.00581771
,18,722,353,48.89196676,781,377,48.27144686,1503,730,48.56952761
,19,339,164,48.37758112,403,196,48.63523573,742,360,48.51752022
,20,183,80,43.71584699,279,119,42.65232975,462,199,43.07359307
,21,165,92,55.75757576,204,84,41.17647059,369,176,47.69647696
,22,134,72,53.73134328,153,73,47.7124183,287,145,50.52264808
,23,158,76,48.10126582,168,68,40.47619048,326,144,44.17177914
,24,109,56,51.37614679,116,59,50.86206897,225,115,51.11111111
,25,92,54,58.69565217,121,56,46.28099174,213,110,51.64319249
Lowestoft,,,,,,,,,,
,17,821,473,57.61266748,810,426,52.59259259,1631,899,55.11955855
,18,432,205,47.4537037,456,223,48.90350877,888,428,48.1981982
,19,207,96,46.37681159,209,90,43.06220096,416,186,44.71153846
,20,99,43,43.43434343,111,47,42.34234234,210,90,42.85714286
,21,92,52,56.52173913,104,48,46.15384615,196,100,51.02040816
,22,70,40,57.14285714,93,36,38.70967742,163,76,46.62576687
,23,74,41,55.40540541,78,35,44.87179487,152,76,50
,24,59,29,49.15254237,80,35,43.75,139,64,46.04316547
,25,54,29,53.7037037,50,18,36,104,47,45.19230769
Ludlow,,,,,,,,,,
,17,362,202,55.80110497,274,153,55.83941606,636,355,55.81761006
,18,138,76,55.07246377,171,88,51.4619883,309,164,53.07443366
,19,75,28,37.33333333,62,28,45.16129032,137,56,40.87591241
,20,50,25,50,39,24,61.53846154,89,49,55.05617978
,21,25,11,44,24,11,45.83333333,49,22,44.89795918
,22,17,8,47.05882353,22,10,45.45454545,39,18,46.15384615
,23,12,5,41.66666667,19,9,47.36842105,31,14,45.16129032
,24,16,10,62.5,19,9,47.36842105,35,19,54.28571429
,25,10,4,40,14,6,42.85714286,24,10,41.66666667
Luton,,,,,,,,,,
,17,909,488,53.68536854,568,313,55.1056338,1477,801,54.23155044
,18,683,291,42.60614934,649,276,42.52696456,1332,567,42.56756757
,19,259,143,55.21235521,320,116,36.25,579,259,44.73229706
,20,220,99,45,349,127,36.38968481,569,226,39.71880492
,21,164,81,49.3902439,222,91,40.99099099,386,172,44.55958549
,22,225,99,44,193,82,42.48704663,418,181,43.30143541
,23,210,97,46.19047619,162,70,43.20987654,372,167,44.89247312
,24,167,74,44.31137725,211,78,36.96682464,378,152,40.21164021
,25,179,84,46.9273743,195,78,40,374,162,43.31550802
Macclesfield,,,,,,,,,,
,17,569,340,59.75395431,491,270,54.9898167,1060,610,57.54716981
,18,219,110,50.2283105,286,127,44.40559441,505,237,46.93069307
,19,98,45,45.91836735,92,50,54.34782609,190,95,50
,20,66,40,60.60606061,42,20,47.61904762,108,60,55.55555556
,21,66,24,36.36363636,45,19,42.22222222,111,43,38.73873874
,22,47,23,48.93617021,58,23,39.65517241,105,46,43.80952381
,23,19,10,52.63157895,45,22,48.88888889,64,32,50
,24,34,15,44.11764706,40,17,42.5,74,32,43.24324324
,25,28,13,46.42857143,35,12,34.28571429,63,25,39.68253968
Maidstone,,,,,,,,,,
,17,943,538,57.05196182,829,442,53.3172497,1772,980,55.30474041
,18,427,218,51.05386417,514,232,45.13618677,941,450,47.82146652
,19,211,101,47.86729858,218,89,40.82568807,429,190,44.28904429
,20,117,58,49.57264957,108,56,51.85185185,225,114,50.66666667
,21,103,60,58.25242718,96,47,48.95833333,199,107,53.76884422
,22,79,48,60.75949367,73,39,53.42465753,152,87,57.23684211
,23,67,39,58.20895522,105,48,45.71428571,172,87,50.58139535
,24,55,28,50.90909091,82,34,41.46341463,137,62,45.25547445
,25,73,35,47.94520548,63,37,58.73015873,136,72,52.94117647
Malton,,,,,,,,,,
,17,210,168,80,162,108,66.66666667,372,276,74.19354839
,18,82,58,70.73170732,81,50,61.72839506,163,108,66.25766871
,19,37,25,67.56756757,45,29,64.44444444,82,54,65.85365854
,20,17,12,70.58823529,20,12,60,37,24,64.86486486
,21,9,7,77.77777778,13,9,69.23076923,22,16,72.72727273
,23,10,6,60,21,12,57.14285714,31,18,58.06451613
Melton Mowbray,,,,,,,,,,
,17,495,267,53.93939394,454,233,51.3215859,949,500,52.68703899
,18,228,108,47.36842105,291,141,48.45360825,519,249,47.97687861
,19,83,43,51.80722892,82,40,48.7804878,165,83,50.3030303
,20,51,19,37.25490196,37,12,32.43243243,88,31,35.22727273
,21,40,25,62.5,52,26,50,92,51,55.43478261
,22,30,14,46.66666667,28,18,64.28571429,58,32,55.17241379
,23,35,19,54.28571429,34,16,47.05882353,69,35,50.72463768
,24,15,6,40,19,12,63.15789474,34,18,52.94117647
,25,16,8,50,11,5,45.45454545,27,13,48.14814815
Middlesbrough,,,,,,,,,,
,17,1269,653,51.45784082,1102,586,53.17604356,2371,1239,52.25643189
,18,743,349,46.9717362,727,334,45.94222834,1470,683,46.46258503
,19,317,168,52.99684543,402,195,48.50746269,719,363,50.4867872
,20,231,99,42.85714286,228,113,49.56140351,459,212,46.18736383
,21,207,101,48.79227053,245,115,46.93877551,452,216,47.78761062
,22,207,106,51.20772947,213,97,45.5399061,420,203,48.33333333
,23,194,93,47.93814433,240,114,47.5,434,207,47.69585253
,24,153,68,44.44444444,167,72,43.11377246,320,140,43.75
,25,143,72,50.34965035,162,55,33.95061728,305,127,41.63934426
Mill Hill,,,,,,,,,,
,17,511,227,44.42270059,336,151,44.94047619,847,378,44.62809917
,18,471,219,46.49681529,365,147,40.2739726,836,366,43.77990431
,19,316,152,48.10126582,253,86,33.99209486,569,238,41.82776801
,20,237,86,36.28691983,232,92,39.65517241,469,178,37.95309168
,21,245,119,48.57142857,180,62,34.44444444,425,181,42.58823529
,22,178,88,49.43820225,205,78,38.04878049,383,166,43.34203655
,23,162,83,51.2345679,166,63,37.95180723,328,146,44.51219512
,24,178,82,46.06741573,195,74,37.94871795,373,156,41.8230563
,25,193,86,44.55958549,179,73,40.78212291,372,159,42.74193548
Monmouth,,,,,,,,,,
,17,495,301,60.80808081,461,276,59.86984816,956,577,60.35564854
,18,237,136,57.38396624,309,155,50.1618123,546,291,53.2967033
,19,118,64,54.23728814,134,66,49.25373134,252,130,51.58730159
,20,54,31,57.40740741,68,29,42.64705882,122,60,49.18032787
,21,53,29,54.71698113,41,20,48.7804878,94,49,52.12765957
,22,28,13,46.42857143,35,12,34.28571429,63,25,39.68253968
,23,27,20,74.07407407,23,11,47.82608696,50,31,62
,24,22,13,59.09090909,35,16,45.71428571,57,29,50.87719298
,25,19,12,63.15789474,15,9,60,34,21,61.76470588
Montrose,,,,,,,,,,
,17,120,75,62.5,118,74,62.71186441,238,149,62.60504202
,18,58,26,44.82758621,68,37,54.41176471,126,63,50
,19,21,13,61.9047619,17,6,35.29411765,38,19,50
,20,8,5,62.5,13,6,46.15384615,21,11,52.38095238
,21,8,3,37.5,11,7,63.63636364,19,10,52.63157895
,22,12,7,58.33333333,7,3,42.85714286,19,10,52.63157895
,24,6,5,83.33333333,7,3,42.85714286,13,8,61.53846154
Morden,,,,,,,,,,
,17,821,444,54.08038977,511,289,56.55577299,1332,733,55.03003003
,18,669,342,51.12107623,590,280,47.45762712,1259,622,49.40428912
,19,468,225,48.07692308,423,200,47.28132388,891,425,47.69921437
,20,294,154,52.38095238,322,153,47.51552795,616,307,49.83766234
,21,307,155,50.48859935,279,122,43.72759857,586,277,47.26962457
,22,267,134,50.18726592,288,125,43.40277778,555,259,46.66666667
,23,256,135,52.734375,310,162,52.25806452,566,297,52.47349823
,24,275,140,50.90909091,258,129,50,533,269,50.46904315
,25,283,141,49.82332155,291,131,45.01718213,574,272,47.38675958
Nelson,,,,,,,,,,
,17,525,262,49.9047619,331,170,51.35951662,856,432,50.46728972
,18,415,186,44.81927711,428,193,45.09345794,843,379,44.95848161
,19,219,101,46.11872146,255,106,41.56862745,474,207,43.67088608
,20,112,54,48.21428571,149,69,46.30872483,261,123,47.12643678
,21,108,49,45.37037037,105,46,43.80952381,213,95,44.60093897
,22,110,53,48.18181818,100,50,50,210,103,49.04761905
,23,101,49,48.51485149,133,49,36.84210526,234,98,41.88034188
,24,95,49,51.57894737,99,43,43.43434343,194,92,47.42268041
,25,57,31,54.38596491,127,45,35.43307087,184,76,41.30434783
Newbury,,,,,,,,,,
,17,747,455,60.9103079,815,401,49.20245399,1562,856,54.80153649
,18,392,201,51.2755102,384,198,51.5625,776,399,51.41752577
,19,151,76,50.33112583,161,77,47.82608696,312,153,49.03846154
,20,79,42,53.16455696,101,42,41.58415842,180,84,46.66666667
,21,74,45,60.81081081,75,31,41.33333333,149,76,51.00671141
,22,65,35,53.84615385,63,32,50.79365079,128,67,52.34375
,23,54,24,44.44444444,69,35,50.72463768,123,59,47.96747967
,24,58,31,53.44827586,49,22,44.89795918,107,53,49.53271028
,25,54,27,50,58,22,37.93103448,112,49,43.75
Newcastle-Under-Lyme,,,,,,,,,,
,17,677,346,51.10782866,471,239,50.74309979,1148,585,50.95818815
,18,435,199,45.74712644,423,200,47.28132388,858,399,46.5034965
,19,224,98,43.75,270,118,43.7037037,494,216,43.72469636
,20,143,67,46.85314685,123,51,41.46341463,266,118,44.36090226
,21,143,70,48.95104895,115,52,45.2173913,258,122,47.28682171
,22,79,37,46.83544304,120,52,43.33333333,199,89,44.72361809
,23,82,47,57.31707317,81,45,55.55555556,163,92,56.44171779
,24,59,31,52.54237288,99,37,37.37373737,158,68,43.03797468
,25,84,43,51.19047619,95,37,38.94736842,179,80,44.69273743
Newport (Gwent),,,,,,,,,,
,17,787,471,59.84752224,758,438,57.78364116,1545,909,58.83495146
,18,423,216,51.06382979,438,217,49.543379,861,433,50.29036005
,19,170,82,48.23529412,219,106,48.40182648,389,188,48.32904884
,20,89,48,53.93258427,100,43,43,189,91,48.14814815
,21,96,59,61.45833333,115,63,54.7826087,211,122,57.81990521
,22,70,32,45.71428571,122,55,45.08196721,192,87,45.3125
,23,73,36,49.31506849,89,41,46.06741573,162,77,47.5308642
,24,73,44,60.2739726,76,30,39.47368421,149,74,49.66442953
,25,65,42,64.61538462,87,43,49.42528736,152,85,55.92105263
Newport (Isle Of Wight),,,,,,,,,,
,17,365,205,56.16438356,348,194,55.74712644,713,399,55.96072931
,18,231,111,48.05194805,227,115,50.66079295,458,226,49.34497817
,19,92,41,44.56521739,94,47,50,186,88,47.31182796
,20,61,29,47.54098361,61,24,39.3442623,122,53,43.44262295
,21,58,29,50,54,21,38.88888889,112,50,44.64285714
,22,39,21,53.84615385,48,20,41.66666667,87,41,47.12643678
,23,38,22,57.89473684,43,23,53.48837209,81,45,55.55555556
,24,30,20,66.66666667,33,14,42.42424242,63,34,53.96825397
,25,24,16,66.66666667,24,13,54.16666667,48,29,60.41666667
Newton Abbot,,,,,,,,,,
,17,978,612,62.57668712,869,530,60.98964327,1847,1142,61.82999459
,18,463,280,60.47516199,538,291,54.08921933,1001,571,57.04295704
,19,197,124,62.94416244,239,130,54.39330544,436,254,58.25688073
,20,99,62,62.62626263,152,77,50.65789474,251,139,55.37848606
,21,96,53,55.20833333,93,50,53.76344086,189,103,54.4973545
,22,79,55,69.62025316,116,63,54.31034483,195,118,60.51282051
,23,71,38,53.52112676,76,41,53.94736842,147,79,53.7414966
,24,48,30,62.5,70,39,55.71428571,118,69,58.47457627
,25,48,30,62.5,54,29,53.7037037,102,59,57.84313725
Newton Stewart,,,,,,,,,,
,17,61,37,60.6557377,29,16,55.17241379,90,53,58.88888889
,18,15,11,73.33333333,10,5,50,25,16,64
Newtown,,,,,,,,,,
,17,301,176,58.4717608,265,165,62.26415094,566,341,60.24734982
,18,94,43,45.74468085,111,50,45.04504505,205,93,45.36585366
,19,32,13,40.625,48,26,54.16666667,80,39,48.75
,20,29,14,48.27586207,9,4,44.44444444,38,18,47.36842105
,21,11,7,63.63636364,11,6,54.54545455,22,13,59.09090909
,22,9,6,66.66666667,12,5,41.66666667,21,11,52.38095238
,23,9,3,33.33333333,9,6,66.66666667,18,9,50
,24,15,5,33.33333333,16,4,25,31,9,29.03225806
,25,16,6,37.5,10,5,50,26,11,42.30769231
Norris Green,,,,,,,,,,
,17,766,365,47.65013055,448,200,44.64285714,1214,565,46.54036244
,18,731,334,45.69083447,720,337,46.80555556,1451,671,46.24396968
,19,433,189,43.64896074,478,217,45.39748954,911,406,44.56641054
,20,313,143,45.68690096,348,137,39.36781609,661,280,42.36006051
,21,302,149,49.33774834,328,166,50.6097561,630,315,50
,22,255,130,50.98039216,301,120,39.86710963,556,250,44.96402878
,23,227,110,48.45814978,290,141,48.62068966,517,251,48.54932302
,24,224,118,52.67857143,250,115,46,474,233,49.15611814
,25,209,94,44.97607656,196,92,46.93877551,405,186,45.92592593
Northallerton,,,,,,,,,,
,17,520,343,65.96153846,538,317,58.92193309,1058,660,62.38185255
,18,207,118,57.00483092,221,118,53.39366516,428,236,55.14018692
,19,70,45,64.28571429,67,26,38.80597015,137,71,51.82481752
,20,39,26,66.66666667,38,17,44.73684211,77,43,55.84415584
,21,27,19,70.37037037,36,18,50,63,37,58.73015873
,22,37,21,56.75675676,39,15,38.46153846,76,36,47.36842105
,23,33,18,54.54545455,35,19,54.28571429,68,37,54.41176471
,24,22,9,40.90909091,28,13,46.42857143,50,22,44
,25,13,11,84.61538462,33,10,30.3030303,46,21,45.65217391
Northampton,,,,,,,,,,
,17,994,591,59.45674044,843,450,53.38078292,1837,1041,56.66848122
,18,580,293,50.51724138,726,343,47.24517906,1306,636,48.69831547
,19,265,132,49.81132075,304,139,45.72368421,569,271,47.62741652
,20,179,98,54.74860335,190,85,44.73684211,369,183,49.59349593
,21,145,66,45.51724138,186,83,44.62365591,331,149,45.01510574
,22,152,82,53.94736842,171,78,45.61403509,323,160,49.53560372
,23,138,84,60.86956522,151,67,44.37086093,289,151,52.24913495
,24,110,62,56.36363636,151,69,45.69536424,261,131,50.19157088
,25,98,57,58.16326531,130,50,38.46153846,228,107,46.92982456
Northwich,,,,,,,,,,
,17,1064,649,60.9962406,929,512,55.11302476,1993,1161,58.25388861
,18,389,217,55.7840617,676,307,45.41420118,1065,524,49.20187793
,19,196,97,49.48979592,243,104,42.79835391,439,201,45.78587699
,20,82,51,62.19512195,114,51,44.73684211,196,102,52.04081633
,21,77,45,58.44155844,100,44,44,177,89,50.28248588
,22,71,40,56.33802817,77,34,44.15584416,148,74,50
,23,50,26,52,81,33,40.74074074,131,59,45.03816794
,24,65,37,56.92307692,37,19,51.35135135,102,56,54.90196078
,25,36,20,55.55555556,31,18,58.06451613,67,38,56.71641791
Norwich,,,,,,,,,,
,17,1617,991,61.28633271,1525,859,56.32786885,3142,1850,58.87969446
,18,846,484,57.21040189,1012,503,49.70355731,1858,987,53.12163617
,19,389,211,54.24164524,441,224,50.79365079,830,435,52.40963855
,20,205,102,49.75609756,253,104,41.10671937,458,206,44.97816594
,21,170,90,52.94117647,218,95,43.57798165,388,185,47.68041237
,22,154,72,46.75324675,174,84,48.27586207,328,156,47.56097561
,23,133,69,51.87969925,148,74,50,281,143,50.88967972
,24,107,52,48.59813084,158,65,41.13924051,265,117,44.1509434
,25,98,54,55.10204082,130,74,56.92307692,228,128,56.14035088
Nottingham (Chalfont Drive),,,,,,,,,,
,17,830,416,50.12048193,508,239,47.04724409,1338,655,48.95366218
,18,638,299,46.86520376,711,322,45.2883263,1349,621,46.03409933
,19,358,158,44.13407821,422,156,36.96682464,780,314,40.25641026
,20,237,102,43.03797468,305,113,37.04918033,542,215,39.66789668
,21,173,82,47.39884393,283,110,38.86925795,456,192,42.10526316
,22,222,96,43.24324324,269,105,39.03345725,491,201,40.93686354
,23,179,86,48.04469274,233,87,37.33905579,412,173,41.99029126
,24,173,72,41.61849711,181,66,36.4640884,354,138,38.98305085
,25,155,81,52.25806452,199,60,30.15075377,354,141,39.83050847
Nottingham (Colwick),,,,,,,,,,
,17,842,425,50.47505938,530,261,49.24528302,1372,686,50
,18,596,292,48.99328859,628,255,40.60509554,1224,547,44.68954248
,19,290,143,49.31034483,333,139,41.74174174,623,282,45.26484751
,20,220,91,41.36363636,227,96,42.2907489,447,187,41.8344519
,21,181,88,48.61878453,223,87,39.01345291,404,175,43.31683168
,22,177,86,48.58757062,194,75,38.65979381,371,161,43.39622642
,23,165,74,44.84848485,164,64,39.02439024,329,138,41.94528875
,24,127,66,51.96850394,175,60,34.28571429,302,126,41.7218543
,25,168,70,41.66666667,158,58,36.70886076,326,128,39.26380368
Nuneaton,,,,,,,,,,
,17,389,227,58.35475578,368,196,53.26086957,757,423,55.87846764
,18,270,142,52.59259259,318,169,53.14465409,588,311,52.89115646
,19,139,84,60.43165468,168,90,53.57142857,307,174,56.67752443
,20,68,39,57.35294118,93,43,46.23655914,161,82,50.93167702
,21,72,37,51.38888889,95,40,42.10526316,167,77,46.10778443
,22,57,27,47.36842105,65,32,49.23076923,122,59,48.36065574
,23,56,34,60.71428571,65,28,43.07692308,121,62,51.23966942
,24,68,32,47.05882353,76,29,38.15789474,144,61,42.36111111
,25,46,23,50,44,14,31.81818182,90,37,41.11111111
Oban,,,,,,,,,,
,17,50,31,62,64,38,59.375,114,69,60.52631579
,18,23,11,47.82608696,31,15,48.38709677,54,26,48.14814815
,19,12,9,75,15,8,53.33333333,27,17,62.96296296
,20,6,3,50,6,1,16.66666667,12,4,33.33333333
Orkney,,,,,,,,,,
,17,76,51,67.10526316,62,40,64.51612903,138,91,65.94202899
,18,34,19,55.88235294,43,15,34.88372093,77,34,44.15584416
,19,12,7,58.33333333,14,7,50,26,14,53.84615385
Oswestry,,,,,,,,,,
,17,324,195,60.18518519,288,164,56.94444444,612,359,58.66013072
,18,129,70,54.26356589,202,110,54.45544554,331,180,54.38066465
,19,58,35,60.34482759,65,33,50.76923077,123,68,55.28455285
,20,32,21,65.625,46,27,58.69565217,78,48,61.53846154
,21,18,12,66.66666667,28,14,50,46,26,56.52173913
,22,31,13,41.93548387,31,18,58.06451613,62,31,50
,23,24,20,83.33333333,20,10,50,44,30,68.18181818
,25,17,7,41.17647059,34,13,38.23529412,51,20,39.21568627
Oxford (Cowley),,,,,,,,,,
,17,1091,611,56.00366636,883,515,58.32389581,1974,1126,57.04154002
,18,701,330,47.07560628,684,326,47.66081871,1385,656,47.36462094
,19,284,136,47.88732394,275,129,46.90909091,559,265,47.40608229
,20,182,95,52.1978022,197,82,41.62436548,379,177,46.70184697
,21,169,89,52.66272189,206,101,49.02912621,375,190,50.66666667
,22,158,79,50,194,104,53.60824742,352,183,51.98863636
,23,150,72,48,168,83,49.4047619,318,155,48.74213836
,24,189,92,48.67724868,169,83,49.11242604,358,175,48.88268156
,25,182,85,46.7032967,128,61,47.65625,310,146,47.09677419
Paisley,,,,,,,,,,
,17,778,376,48.32904884,553,257,46.47377939,1331,633,47.5582269
,18,539,240,44.52690167,550,229,41.63636364,1089,469,43.06703398
,19,276,129,46.73913043,320,138,43.125,596,267,44.79865772
,20,165,72,43.63636364,210,92,43.80952381,375,164,43.73333333
,21,147,71,48.29931973,189,69,36.50793651,336,140,41.66666667
,22,129,50,38.75968992,133,56,42.10526316,262,106,40.45801527
,23,117,57,48.71794872,118,54,45.76271186,235,111,47.23404255
,24,127,64,50.39370079,117,40,34.18803419,244,104,42.62295082
,25,119,54,45.37815126,108,40,37.03703704,227,94,41.40969163
Peebles,,,,,,,,,,
,17,32,20,62.5,46,24,52.17391304,78,44,56.41025641
,18,24,15,62.5,31,15,48.38709677,55,30,54.54545455
Pembroke Dock,,,,,,,,,,
,17,372,236,63.44086022,435,247,56.7816092,807,483,59.85130112
,18,169,86,50.88757396,196,90,45.91836735,365,176,48.21917808
,19,55,28,50.90909091,66,38,57.57575758,121,66,54.54545455
,20,51,22,43.1372549,59,25,42.37288136,110,47,42.72727273
,21,37,17,45.94594595,29,19,65.51724138,66,36,54.54545455
,22,28,12,42.85714286,34,16,47.05882353,62,28,45.16129032
,23,27,16,59.25925926,21,11,52.38095238,48,27,56.25
,24,17,12,70.58823529,24,11,45.83333333,41,23,56.09756098
,25,19,11,57.89473684,31,14,45.16129032,50,25,50
Penzance,,,,,,,,,,
,17,335,194,57.91044776,255,141,55.29411765,590,335,56.77966102
,18,147,73,49.65986395,152,61,40.13157895,299,134,44.81605351
,19,54,36,66.66666667,71,36,50.70422535,125,72,57.6
,20,52,24,46.15384615,39,19,48.71794872,91,43,47.25274725
,21,35,19,54.28571429,41,20,48.7804878,76,39,51.31578947
,22,29,19,65.51724138,30,13,43.33333333,59,32,54.23728814
,23,24,18,75,18,6,33.33333333,42,24,57.14285714
,24,16,6,37.5,28,10,35.71428571,44,16,36.36363636
,25,20,9,45,19,4,21.05263158,39,13,33.33333333
Perth,,,,,,,,,,
,17,245,144,58.7755102,174,86,49.42528736,419,230,54.89260143
,18,174,89,51.14942529,136,67,49.26470588,310,156,50.32258065
,19,86,44,51.1627907,49,26,53.06122449,135,70,51.85185185
,20,37,19,51.35135135,32,14,43.75,69,33,47.82608696
,21,30,14,46.66666667,31,16,51.61290323,61,30,49.18032787
,22,40,13,32.5,32,16,50,72,29,40.27777778
,23,21,13,61.9047619,26,15,57.69230769,47,28,59.57446809
,24,20,11,55,31,10,32.25806452,51,21,41.17647059
,25,30,21,70,38,16,42.10526316,68,37,54.41176471
Peterborough,,,,,,,,,,
,17,1065,579,54.36619718,926,524,56.587473,1991,1103,55.39929684
,18,643,297,46.18973561,642,290,45.17133956,1285,587,45.68093385
,19,300,152,50.66666667,331,145,43.80664653,631,297,47.0681458
,20,193,95,49.22279793,201,102,50.74626866,394,197,50
,21,143,70,48.95104895,164,68,41.46341463,307,138,44.95114007
,22,133,72,54.13533835,134,63,47.01492537,267,135,50.56179775
,23,143,67,46.85314685,115,50,43.47826087,258,117,45.34883721
,24,145,68,46.89655172,129,58,44.96124031,274,126,45.98540146
,25,126,63,50,145,56,38.62068966,271,119,43.91143911
Peterhead,,,,,,,,,,
,17,216,154,71.2962963,237,165,69.62025316,453,319,70.41942605
,18,100,58,58,79,39,49.36708861,179,97,54.18994413
,19,39,21,53.84615385,25,14,56,64,35,54.6875
,20,30,17,56.66666667,22,9,40.90909091,52,26,50
,21,17,13,76.47058824,13,8,61.53846154,30,21,70
,22,17,11,64.70588235,10,6,60,27,17,62.96296296
,23,15,11,73.33333333,15,11,73.33333333,30,22,73.33333333
,25,13,9,69.23076923,12,6,50,25,15,60
Pinner,,,,,,,,,,
,17,842,551,65.43942993,741,433,58.43454791,1583,984,62.16045483
,18,625,333,53.28,740,342,46.21621622,1365,675,49.45054945
,19,340,186,54.70588235,417,194,46.52278177,757,380,50.19815059
,20,218,123,56.42201835,278,131,47.12230216,496,254,51.20967742
,21,184,107,58.15217391,218,99,45.41284404,402,206,51.24378109
,22,174,96,55.17241379,228,85,37.28070175,402,181,45.02487562
,23,162,85,52.4691358,241,114,47.30290456,403,199,49.37965261
,24,155,85,54.83870968,218,96,44.03669725,373,181,48.52546917
,25,162,94,58.02469136,173,81,46.82080925,335,175,52.23880597
Plymouth,,,,,,,,,,
,17,988,478,48.3805668,845,393,46.50887574,1833,871,47.5177305
,18,595,265,44.53781513,632,272,43.03797468,1227,537,43.76528117
,19,305,166,54.42622951,325,143,44,630,309,49.04761905
,20,196,89,45.40816327,229,95,41.48471616,425,184,43.29411765
,21,220,115,52.27272727,168,72,42.85714286,388,187,48.19587629
,22,151,78,51.65562914,181,91,50.27624309,332,169,50.90361446
,23,150,66,44,133,53,39.84962406,283,119,42.04946996
,24,104,50,48.07692308,126,53,42.06349206,230,103,44.7826087
,25,144,62,43.05555556,109,45,41.28440367,253,107,42.29249012
Pontefract,,,,,,,,,,
,17,802,415,51.74563591,547,236,43.14442413,1349,651,48.25796887
,18,530,242,45.66037736,597,250,41.8760469,1127,492,43.65572316
,19,237,104,43.88185654,275,110,40,512,214,41.796875
,20,127,70,55.11811024,127,58,45.66929134,254,128,50.39370079
,21,96,51,53.125,115,46,40,211,97,45.97156398
,22,72,41,56.94444444,125,42,33.6,197,83,42.1319797
,23,83,49,59.03614458,115,39,33.91304348,198,88,44.44444444
,24,81,43,53.08641975,104,46,44.23076923,185,89,48.10810811
,25,47,27,57.44680851,85,31,36.47058824,132,58,43.93939394
Pontypridd,,,,,,,,,,
,17,749,432,57.67690254,645,351,54.41860465,1394,783,56.16929699
,18,304,158,51.97368421,417,221,52.99760192,721,379,52.56588072
,19,117,79,67.52136752,178,87,48.87640449,295,166,56.27118644
,20,85,45,52.94117647,103,45,43.68932039,188,90,47.87234043
,21,81,42,51.85185185,105,47,44.76190476,186,89,47.84946237
,22,54,37,68.51851852,75,38,50.66666667,129,75,58.13953488
,23,52,31,59.61538462,68,34,50,120,65,54.16666667
,24,45,22,48.88888889,63,32,50.79365079,108,54,50
,25,40,26,65,36,21,58.33333333,76,47,61.84210526
Portsmouth,,,,,,,,,,
,17,1234,640,51.86385737,995,508,51.05527638,2229,1148,51.50291611
,18,673,315,46.80534918,706,327,46.31728045,1379,642,46.55547498
,19,311,156,50.1607717,384,165,42.96875,695,321,46.18705036
,20,255,127,49.80392157,234,92,39.31623932,489,219,44.78527607
,21,239,116,48.53556485,286,127,44.40559441,525,243,46.28571429
,22,164,86,52.43902439,194,91,46.90721649,358,177,49.44134078
,23,183,97,53.00546448,150,60,40,333,157,47.14714715
,24,175,80,45.71428571,165,64,38.78787879,340,144,42.35294118
,25,126,74,58.73015873,129,56,43.41085271,255,130,50.98039216
Preston,,,,,,,,,,
,17,1199,680,56.71392827,925,514,55.56756757,2124,1194,56.21468927
,18,609,307,50.41050903,721,353,48.95977809,1330,660,49.62406015
,19,336,169,50.29761905,408,187,45.83333333,744,356,47.84946237
,20,197,107,54.31472081,243,112,46.09053498,440,219,49.77272727
,21,217,122,56.22119816,227,106,46.69603524,444,228,51.35135135
,22,195,117,60,215,107,49.76744186,410,224,54.63414634
,23,158,81,51.26582278,151,79,52.31788079,309,160,51.77993528
,24,196,109,55.6122449,132,53,40.15151515,328,162,49.3902439
,25,183,97,53.00546448,160,61,38.125,343,158,46.06413994
Pwllheli,,,,,,,,,,
,17,181,117,64.64088398,137,80,58.39416058,318,197,61.94968553
,18,69,36,52.17391304,81,43,53.08641975,150,79,52.66666667
,19,34,17,50,18,13,72.22222222,52,30,57.69230769
,20,18,11,61.11111111,22,15,68.18181818,40,26,65
,21,19,11,57.89473684,15,7,46.66666667,34,18,52.94117647
,22,16,9,56.25,22,10,45.45454545,38,19,50
Reading,,,,,,,,,,
,17,1398,835,59.72818312,1270,729,57.4015748,2668,1564,58.62068966
,18,674,367,54.45103858,779,391,50.19255456,1453,758,52.16792842
,19,344,178,51.74418605,296,145,48.98648649,640,323,50.46875
,20,205,117,57.07317073,181,86,47.51381215,386,203,52.59067358
,21,170,92,54.11764706,201,74,36.8159204,371,166,44.74393531
,22,184,106,57.60869565,185,92,49.72972973,369,198,53.65853659
,23,175,89,50.85714286,199,90,45.22613065,374,179,47.86096257
,24,173,85,49.13294798,160,84,52.5,333,169,50.75075075
,25,154,82,53.24675325,170,62,36.47058824,324,144,44.44444444
Redditch,,,,,,,,,,
,17,762,375,49.21259843,602,292,48.50498339,1364,667,48.90029326
,18,405,187,46.17283951,510,226,44.31372549,915,413,45.13661202
,19,204,86,42.15686275,219,88,40.1826484,423,174,41.13475177
,20,95,49,51.57894737,125,50,40,220,99,45
,21,88,45,51.13636364,104,43,41.34615385,192,88,45.83333333
,22,89,38,42.69662921,84,37,44.04761905,173,75,43.35260116
,23,59,29,49.15254237,70,26,37.14285714,129,55,42.63565891
,24,57,29,50.87719298,73,25,34.24657534,130,54,41.53846154
,25,64,28,43.75,69,26,37.68115942,133,54,40.60150376
Reigate,,,,,,,,,,
,17,844,506,59.95260664,814,451,55.40540541,1658,957,57.72014475
,18,389,203,52.18508997,450,224,49.77777778,839,427,50.89392133
,19,155,81,52.25806452,143,51,35.66433566,298,132,44.29530201
,20,91,58,63.73626374,99,58,58.58585859,190,116,61.05263158
,21,85,44,51.76470588,90,47,52.22222222,175,91,52
,22,67,43,64.17910448,68,31,45.58823529,135,74,54.81481481
,23,73,47,64.38356164,72,35,48.61111111,145,82,56.55172414
,24,45,33,73.33333333,58,33,56.89655172,103,66,64.0776699
,25,59,31,52.54237288,44,17,38.63636364,103,48,46.60194175
Rhyl,,,,,,,,,,
,17,441,209,47.39229025,434,173,39.86175115,875,382,43.65714286
,18,261,106,40.61302682,334,116,34.73053892,595,222,37.31092437
,19,126,53,42.06349206,160,62,38.75,286,115,40.20979021
,20,73,28,38.35616438,93,32,34.40860215,166,60,36.14457831
,21,72,25,34.72222222,84,29,34.52380952,156,54,34.61538462
,22,58,24,41.37931034,91,34,37.36263736,149,58,38.9261745
,23,61,26,42.62295082,62,20,32.25806452,123,46,37.39837398
,24,47,19,40.42553191,53,22,41.50943396,100,41,41
,25,34,16,47.05882353,44,19,43.18181818,78,35,44.87179487
Rochdale,,,,,,,,,,
,17,711,316,44.44444444,462,198,42.85714286,1173,514,43.81926684
,18,486,212,43.62139918,605,212,35.04132231,1091,424,38.86342805
,19,260,109,41.92307692,314,109,34.7133758,574,218,37.97909408
,20,140,63,45,189,68,35.97883598,329,131,39.81762918
,21,118,56,47.45762712,184,63,34.23913043,302,119,39.40397351
,22,138,54,39.13043478,134,52,38.80597015,272,106,38.97058824
,23,122,59,48.36065574,152,56,36.84210526,274,115,41.97080292
,24,106,43,40.56603774,158,55,34.81012658,264,98,37.12121212
,25,114,48,42.10526316,141,38,26.95035461,255,86,33.7254902
Rotherham,,,,,,,,,,
,17,764,392,51.30890052,502,230,45.81673307,1266,622,49.13112164
,18,453,209,46.13686534,542,241,44.46494465,995,450,45.22613065
,19,209,93,44.49760766,263,113,42.96577947,472,206,43.6440678
,20,159,78,49.05660377,113,53,46.90265487,272,131,48.16176471
,21,135,80,59.25925926,126,51,40.47619048,261,131,50.19157088
,22,104,43,41.34615385,127,58,45.66929134,231,101,43.72294372
,23,101,50,49.5049505,154,53,34.41558442,255,103,40.39215686
,24,87,37,42.52873563,76,33,43.42105263,163,70,42.94478528
,25,66,31,46.96969697,87,36,41.37931034,153,67,43.79084967
Rugby,,,,,,,,,,
,17,452,269,59.51327434,435,249,57.24137931,887,518,58.39909808
,18,243,131,53.90946502,286,135,47.2027972,529,266,50.28355388
,19,89,50,56.17977528,116,55,47.4137931,205,105,51.2195122
,20,84,43,51.19047619,60,25,41.66666667,144,68,47.22222222
,21,61,29,47.54098361,71,29,40.84507042,132,58,43.93939394
,22,44,26,59.09090909,73,28,38.35616438,117,54,46.15384615
,23,28,18,64.28571429,68,33,48.52941176,96,51,53.125
,24,33,21,63.63636364,35,13,37.14285714,68,34,50
,25,28,19,67.85714286,43,23,53.48837209,71,42,59.15492958
Sale,,,,,,,,,,
,17,888,433,48.76126126,630,309,49.04761905,1518,742,48.8801054
,18,552,244,44.20289855,483,221,45.75569358,1035,465,44.92753623
,19,222,103,46.3963964,255,103,40.39215686,477,206,43.18658281
,20,163,82,50.30674847,159,72,45.28301887,322,154,47.82608696
,21,125,61,48.8,162,74,45.67901235,287,135,47.03832753
,22,157,71,45.22292994,149,68,45.63758389,306,139,45.4248366
,23,137,67,48.90510949,154,54,35.06493506,291,121,41.58075601
,24,90,44,48.88888889,131,54,41.22137405,221,98,44.3438914
,25,99,47,47.47474747,142,52,36.61971831,241,99,41.07883817
Salisbury,,,,,,,,,,
,17,634,376,59.30599369,515,294,57.08737864,1149,670,58.31157528
,18,314,175,55.73248408,413,212,51.33171913,727,387,53.23246217
,19,160,80,50,130,67,51.53846154,290,147,50.68965517
,20,85,42,49.41176471,104,44,42.30769231,189,86,45.5026455
,21,74,39,52.7027027,67,37,55.2238806,141,76,53.90070922
,22,60,31,51.66666667,80,28,35,140,59,42.14285714
,23,52,31,59.61538462,52,25,48.07692308,104,56,53.84615385
,24,63,33,52.38095238,46,24,52.17391304,109,57,52.29357798
,25,40,18,45,61,24,39.3442623,101,42,41.58415842
Scarborough,,,,,,,,,,
,17,317,183,57.72870662,285,126,44.21052632,602,309,51.32890365
,18,116,63,54.31034483,169,78,46.15384615,285,141,49.47368421
,19,73,42,57.53424658,83,42,50.60240964,156,84,53.84615385
,20,48,28,58.33333333,63,21,33.33333333,111,49,44.14414414
,21,46,24,52.17391304,47,18,38.29787234,93,42,45.16129032
,22,38,22,57.89473684,36,17,47.22222222,74,39,52.7027027
,23,22,14,63.63636364,34,13,38.23529412,56,27,48.21428571
,24,26,19,73.07692308,25,12,48,51,31,60.78431373
,25,31,15,48.38709677,31,10,32.25806452,62,25,40.32258065
Scunthorpe,,,,,,,,,,
,17,835,438,52.45508982,721,340,47.15672677,1556,778,50
,18,364,179,49.17582418,462,212,45.88744589,826,391,47.33656174
,19,146,71,48.63013699,175,67,38.28571429,321,138,42.99065421
,20,107,55,51.40186916,97,35,36.08247423,204,90,44.11764706
,21,67,28,41.79104478,78,33,42.30769231,145,61,42.06896552
,22,50,27,54,45,23,51.11111111,95,50,52.63157895
,23,37,25,67.56756757,52,23,44.23076923,89,48,53.93258427
,24,42,31,73.80952381,63,31,49.20634921,105,62,59.04761905
,25,27,17,62.96296296,45,19,42.22222222,72,36,50
Sevenoaks,,,,,,,,,,
,17,683,363,53.14787701,555,262,47.20720721,1238,625,50.48465267
,18,312,140,44.87179487,399,184,46.11528822,711,324,45.56962025
,19,132,59,44.6969697,113,54,47.78761062,245,113,46.12244898
,20,71,32,45.07042254,53,26,49.05660377,124,58,46.77419355
,21,48,28,58.33333333,62,29,46.77419355,110,57,51.81818182
,22,45,23,51.11111111,42,13,30.95238095,87,36,41.37931034
,23,38,21,55.26315789,29,11,37.93103448,67,32,47.76119403
,24,26,9,34.61538462,31,13,41.93548387,57,22,38.59649123
,25,22,11,50,27,13,48.14814815,49,24,48.97959184
Sheffield (Middlewood Road),,,,,,,,,,
,17,534,319,59.73782772,375,213,56.8,909,532,58.52585259
,18,467,253,54.17558887,471,241,51.16772824,938,494,52.6652452
,19,238,111,46.63865546,259,116,44.78764479,497,227,45.67404427
,20,135,79,58.51851852,202,95,47.02970297,337,174,51.63204748
,21,191,86,45.02617801,160,71,44.375,351,157,44.72934473
,22,147,83,56.46258503,175,77,44,322,160,49.68944099
,23,166,84,50.60240964,132,58,43.93939394,298,142,47.65100671
,24,131,76,58.01526718,123,51,41.46341463,254,127,50
,25,103,53,51.45631068,113,47,41.59292035,216,100,46.2962963
Sheffield (Parkway),,,,,,,,,,
,17,789,491,62.23067174,569,315,55.3602812,1358,806,59.35198822
,18,478,266,55.64853556,566,271,47.87985866,1044,537,51.43678161
,19,242,143,59.09090909,319,153,47.96238245,561,296,52.76292335
,20,143,93,65.03496503,185,95,51.35135135,328,188,57.31707317
,21,126,76,60.31746032,159,74,46.5408805,285,150,52.63157895
,22,133,67,50.37593985,167,72,43.11377246,300,139,46.33333333
,23,88,59,67.04545455,132,55,41.66666667,220,114,51.81818182
,24,93,47,50.53763441,112,51,45.53571429,205,98,47.80487805
,25,113,60,53.09734513,94,42,44.68085106,207,102,49.27536232
Shrewsbury,,,,,,,,,,
,17,472,285,60.38135593,489,264,53.98773006,961,549,57.12799168
,18,206,107,51.94174757,270,147,54.44444444,476,254,53.36134454
,19,65,38,58.46153846,116,49,42.24137931,181,87,48.06629834
,20,56,34,60.71428571,78,39,50,134,73,54.47761194
,21,53,29,54.71698113,45,24,53.33333333,98,53,54.08163265
,22,43,33,76.74418605,43,17,39.53488372,86,50,58.13953488
,23,30,16,53.33333333,48,24,50,78,40,51.28205128
,24,31,16,51.61290323,23,8,34.7826087,54,24,44.44444444
,25,25,18,72,24,12,50,49,30,61.2244898
Sidcup,,,,,,,,,,
,17,1151,585,50.82536924,776,399,51.41752577,1927,984,51.06382979
,18,573,232,40.4886562,628,254,40.44585987,1201,486,40.4662781
,19,321,139,43.30218069,352,144,40.90909091,673,283,42.05052006
,20,213,90,42.25352113,182,68,37.36263736,395,158,40
,21,203,79,38.91625616,192,67,34.89583333,395,146,36.96202532
,22,163,69,42.33128834,186,80,43.01075269,349,149,42.69340974
,23,183,73,39.89071038,132,49,37.12121212,315,122,38.73015873
,24,162,69,42.59259259,128,45,35.15625,290,114,39.31034483
,25,143,55,38.46153846,113,40,35.39823009,256,95,37.109375
Skegness,,,,,,,,,,
,17,253,166,65.61264822,210,140,66.66666667,463,306,66.09071274
,18,104,54,51.92307692,113,65,57.52212389,217,119,54.83870968
,19,46,32,69.56521739,39,19,48.71794872,85,51,60
,20,24,12,50,27,16,59.25925926,51,28,54.90196078
,21,16,10,62.5,30,19,63.33333333,46,29,63.04347826
,22,24,15,62.5,31,16,51.61290323,55,31,56.36363636
,23,21,15,71.42857143,19,12,63.15789474,40,27,67.5
,24,20,11,55,11,6,54.54545455,31,17,54.83870968
,25,11,6,54.54545455,10,7,70,21,13,61.9047619
Skipton,,,,,,,,,,
,17,498,280,56.2248996,436,237,54.35779817,934,517,55.35331906
,18,235,133,56.59574468,253,120,47.43083004,488,253,51.8442623
,19,123,61,49.59349593,131,52,39.69465649,254,113,44.48818898
,20,64,29,45.3125,58,31,53.44827586,122,60,49.18032787
,21,45,25,55.55555556,64,26,40.625,109,51,46.78899083
,22,30,13,43.33333333,50,26,52,80,39,48.75
,23,42,18,42.85714286,43,16,37.20930233,85,34,40
,24,34,16,47.05882353,35,11,31.42857143,69,27,39.13043478
,25,29,16,55.17241379,12,6,50,41,22,53.65853659
Slough,,,,,,,,,,
,17,1040,631,60.67307692,951,539,56.67718191,1991,1170,58.76443998
,18,625,306,48.96,627,324,51.67464115,1252,630,50.31948882
,19,297,157,52.86195286,273,145,53.11355311,570,302,52.98245614
,20,212,110,51.88679245,203,95,46.79802956,415,205,49.39759036
,21,192,100,52.08333333,197,88,44.67005076,389,188,48.32904884
,22,187,105,56.14973262,159,83,52.20125786,346,188,54.33526012
,23,179,101,56.42458101,183,82,44.80874317,362,183,50.55248619
,24,170,100,58.82352941,174,78,44.82758621,344,178,51.74418605
,25,162,77,47.5308642,174,73,41.95402299,336,150,44.64285714
South Norwood,,,,,,,,,,
,17,403,197,48.88337469,184,91,49.45652174,587,288,49.06303237
,18,407,180,44.22604423,279,123,44.08602151,686,303,44.16909621
,19,325,130,40,264,110,41.66666667,589,240,40.74702886
,20,229,94,41.04803493,239,78,32.63598326,468,172,36.75213675
,21,200,88,44,221,96,43.43891403,421,184,43.70546318
,22,159,70,44.02515723,164,64,39.02439024,323,134,41.48606811
,23,175,74,42.28571429,169,65,38.46153846,344,139,40.40697674
,24,154,83,53.8961039,167,65,38.92215569,321,148,46.105919
,25,152,70,46.05263158,193,73,37.8238342,345,143,41.44927536
South Shields,,,,,,,,,,
,17,541,319,58.96487985,410,228,55.6097561,951,547,57.51840168
,18,306,159,51.96078431,372,179,48.11827957,678,338,49.85250737
,19,162,81,50,191,87,45.54973822,353,168,47.59206799
,20,111,56,50.45045045,144,65,45.13888889,255,121,47.45098039
,21,118,61,51.69491525,112,49,43.75,230,110,47.82608696
,22,77,49,63.63636364,98,44,44.89795918,175,93,53.14285714
,23,84,48,57.14285714,94,43,45.74468085,178,91,51.12359551
,24,66,35,53.03030303,85,39,45.88235294,151,74,49.00662252
,25,76,34,44.73684211,63,29,46.03174603,139,63,45.32374101
Southall,,,,,,,,,,
,17,276,151,54.71014493,160,77,48.125,436,228,52.29357798
,18,273,139,50.91575092,179,86,48.04469274,452,225,49.77876106
,19,182,76,41.75824176,161,70,43.47826087,343,146,42.56559767
,20,160,84,52.5,123,58,47.15447154,283,142,50.17667845
,21,128,59,46.09375,123,46,37.39837398,251,105,41.83266932
,22,159,66,41.50943396,95,47,49.47368421,254,113,44.48818898
,23,121,56,46.28099174,60,32,53.33333333,181,88,48.61878453
,24,109,48,44.03669725,79,39,49.36708861,188,87,46.27659574
,25,135,65,48.14814815,97,32,32.98969072,232,97,41.81034483
Southampton (Forest Hills),,,,,,,,,,
,17,681,371,54.47870778,553,293,52.98372514,1234,664,53.80875203
,18,380,177,46.57894737,441,211,47.84580499,821,388,47.25943971
,19,232,112,48.27586207,221,103,46.60633484,453,215,47.46136865
,20,175,82,46.85714286,190,85,44.73684211,365,167,45.75342466
,21,100,51,51,127,61,48.03149606,227,112,49.33920705
,22,103,59,57.2815534,121,59,48.76033058,224,118,52.67857143
,23,78,51,65.38461538,112,49,43.75,190,100,52.63157895
,24,85,41,48.23529412,109,50,45.87155963,194,91,46.90721649
,25,105,44,41.9047619,75,40,53.33333333,180,84,46.66666667
Southampton (Maybush),,,,,,,,,,
,17,978,587,60.0204499,937,524,55.92315902,1915,1111,58.0156658
,18,481,244,50.72765073,490,246,50.20408163,971,490,50.46343975
,19,210,114,54.28571429,252,127,50.3968254,462,241,52.16450216
,20,151,81,53.64238411,161,74,45.96273292,312,155,49.67948718
,21,168,85,50.5952381,131,72,54.96183206,299,157,52.5083612
,22,122,56,45.90163934,113,55,48.67256637,235,111,47.23404255
,23,121,66,54.54545455,101,46,45.54455446,222,112,50.45045045
,24,101,54,53.46534653,119,59,49.57983193,220,113,51.36363636
,25,95,49,51.57894737,98,41,41.83673469,193,90,46.63212435
Southport,,,,,,,,,,
,17,739,402,54.39783491,631,348,55.15055468,1370,750,54.74452555
,18,457,221,48.35886214,513,270,52.63157895,970,491,50.6185567
,19,199,110,55.27638191,277,131,47.29241877,476,241,50.6302521
,20,122,62,50.81967213,132,74,56.06060606,254,136,53.54330709
,21,115,60,52.17391304,129,80,62.01550388,244,140,57.37704918
,22,91,50,54.94505495,100,55,55,191,105,54.97382199
,23,75,46,61.33333333,91,43,47.25274725,166,89,53.61445783
,24,78,38,48.71794872,72,43,59.72222222,150,81,54
,25,49,30,61.2244898,62,35,56.4516129,111,65,58.55855856
St Albans,,,,,,,,,,
,17,883,462,52.3216308,780,412,52.82051282,1663,874,52.55562237
,18,471,219,46.49681529,544,230,42.27941176,1015,449,44.2364532
,19,221,92,41.62895928,213,85,39.90610329,434,177,40.78341014
,20,131,53,40.45801527,192,74,38.54166667,323,127,39.31888545
,21,128,52,40.625,149,56,37.58389262,277,108,38.98916968
,22,139,63,45.32374101,127,58,45.66929134,266,121,45.4887218
,23,116,47,40.51724138,116,43,37.06896552,232,90,38.79310345
,24,126,54,42.85714286,90,40,44.44444444,216,94,43.51851852
,25,80,39,48.75,87,40,45.97701149,167,79,47.30538922
St Helens,,,,,,,,,,
,17,770,431,55.97402597,556,279,50.17985612,1326,710,53.54449472
,18,555,301,54.23423423,657,318,48.40182648,1212,619,51.07260726
,19,232,132,56.89655172,323,147,45.51083591,555,279,50.27027027
,20,141,78,55.31914894,225,94,41.77777778,366,172,46.99453552
,21,138,86,62.31884058,198,91,45.95959596,336,177,52.67857143
,22,129,81,62.79069767,145,72,49.65517241,274,153,55.83941606
,23,94,59,62.76595745,121,51,42.14876033,215,110,51.1627907
,24,101,57,56.43564356,92,49,53.26086957,193,106,54.92227979
,25,89,52,58.42696629,98,45,45.91836735,187,97,51.87165775
Stafford,,,,,,,,,,
,17,498,281,56.42570281,493,270,54.76673428,991,551,55.60040363
,18,231,118,51.08225108,339,167,49.26253687,570,285,50
,19,116,65,56.03448276,102,49,48.03921569,218,114,52.29357798
,20,78,45,57.69230769,93,38,40.86021505,171,83,48.5380117
,21,84,43,51.19047619,64,39,60.9375,148,82,55.40540541
,22,59,31,52.54237288,53,27,50.94339623,112,58,51.78571429
,23,42,25,59.52380952,54,21,38.88888889,96,46,47.91666667
,24,28,14,50,46,24,52.17391304,74,38,51.35135135
,25,58,24,41.37931034,44,15,34.09090909,102,39,38.23529412
Stevenage,,,,,,,,,,
,17,590,305,51.69491525,589,267,45.33106961,1179,572,48.51569126
,18,394,190,48.22335025,401,155,38.65336658,795,345,43.39622642
,19,166,77,46.38554217,196,72,36.73469388,362,149,41.16022099
,20,83,48,57.8313253,111,40,36.03603604,194,88,45.36082474
,21,88,44,50,118,52,44.06779661,206,96,46.60194175
,22,73,35,47.94520548,81,36,44.44444444,154,71,46.1038961
,23,57,32,56.14035088,93,37,39.78494624,150,69,46
,24,84,38,45.23809524,69,35,50.72463768,153,73,47.7124183
,25,60,27,45,75,23,30.66666667,135,50,37.03703704
Stirling,,,,,,,,,,
,17,533,255,47.8424015,374,175,46.79144385,907,430,47.40904079
,18,328,137,41.76829268,340,155,45.58823529,668,292,43.71257485
,19,88,46,52.27272727,131,52,39.69465649,219,98,44.74885845
,20,69,36,52.17391304,99,37,37.37373737,168,73,43.45238095
,21,86,39,45.34883721,76,30,39.47368421,162,69,42.59259259
,22,72,34,47.22222222,69,27,39.13043478,141,61,43.26241135
,23,63,30,47.61904762,60,15,25,123,45,36.58536585
,24,35,17,48.57142857,47,21,44.68085106,82,38,46.34146341
,25,39,15,38.46153846,55,17,30.90909091,94,32,34.04255319
Stoke On Trent,,,,,,,,,,
,17,508,281,55.31496063,319,170,53.29153605,827,451,54.53446191
,18,385,199,51.68831169,462,209,45.23809524,847,408,48.17001181
,19,177,89,50.28248588,235,109,46.38297872,412,198,48.05825243
,20,120,67,55.83333333,174,74,42.52873563,294,141,47.95918367
,21,78,48,61.53846154,153,71,46.40522876,231,119,51.51515152
,22,85,47,55.29411765,96,42,43.75,181,89,49.17127072
,23,107,60,56.07476636,100,48,48,207,108,52.17391304
,24,84,44,52.38095238,92,38,41.30434783,176,82,46.59090909
,25,97,47,48.45360825,70,27,38.57142857,167,74,44.31137725
Stornoway,,,,,,,,,,
,17,83,57,68.6746988,48,28,58.33333333,131,85,64.88549618
,18,19,12,63.15789474,33,15,45.45454545,52,27,51.92307692
,19,16,9,56.25,21,10,47.61904762,37,19,51.35135135
,21,15,9,60,8,3,37.5,23,12,52.17391304
Stranraer,,,,,,,,,,
,17,56,40,71.42857143,45,33,73.33333333,101,73,72.27722772
,18,20,13,65,19,10,52.63157895,39,23,58.97435897
,21,10,4,40,9,6,66.66666667,19,10,52.63157895
Sunderland,,,,,,,,,,
,17,867,435,50.17301038,666,313,46.996997,1533,748,48.79321592
,18,526,258,49.04942966,515,230,44.66019417,1041,488,46.87800192
,19,223,99,44.39461883,273,133,48.71794872,496,232,46.77419355
,20,133,64,48.12030075,188,76,40.42553191,321,140,43.61370717
,21,132,76,57.57575758,200,87,43.5,332,163,49.09638554
,22,132,54,40.90909091,147,70,47.61904762,279,124,44.44444444
,23,125,61,48.8,135,54,40,260,115,44.23076923
,24,100,53,53,105,43,40.95238095,205,96,46.82926829
,25,89,49,55.05617978,98,48,48.97959184,187,97,51.87165775
Sutton,,,,,,,,,,
,17,740,428,57.83783784,686,375,54.66472303,1426,803,56.31136045
,18,453,250,55.18763797,559,291,52.05724508,1012,541,53.45849802
,19,217,109,50.23041475,266,137,51.5037594,483,246,50.93167702
,20,179,85,47.48603352,200,86,43,379,171,45.11873351
,21,152,80,52.63157895,143,72,50.34965035,295,152,51.52542373
,22,99,57,57.57575758,144,59,40.97222222,243,116,47.73662551
,23,100,59,59,128,56,43.75,228,115,50.43859649
,24,85,44,51.76470588,103,50,48.54368932,188,94,50
,25,112,60,53.57142857,95,45,47.36842105,207,105,50.72463768
Swansea,,,,,,,,,,
,17,1050,644,61.33333333,816,466,57.10784314,1866,1110,59.48553055
,18,546,269,49.26739927,573,272,47.46945899,1119,541,48.34673816
,19,202,105,51.98019802,288,138,47.91666667,490,243,49.59183673
,20,147,79,53.7414966,183,93,50.81967213,330,172,52.12121212
,21,117,72,61.53846154,133,75,56.39097744,250,147,58.8
,22,149,68,45.63758389,121,55,45.45454545,270,123,45.55555556
,23,112,60,53.57142857,135,55,40.74074074,247,115,46.55870445
,24,90,46,51.11111111,111,57,51.35135135,201,103,51.24378109
,25,72,46,63.88888889,84,38,45.23809524,156,84,53.84615385
Swindon,,,,,,,,,,
,17,965,572,59.2746114,959,522,54.43169969,1924,1094,56.86070686
,18,539,295,54.7309833,630,323,51.26984127,1169,618,52.86569718
,19,280,140,50,287,146,50.87108014,567,286,50.44091711
,20,190,96,50.52631579,168,82,48.80952381,358,178,49.72067039
,21,155,81,52.25806452,154,66,42.85714286,309,147,47.57281553
,22,140,69,49.28571429,149,74,49.66442953,289,143,49.48096886
,23,109,65,59.63302752,120,52,43.33333333,229,117,51.09170306
,24,103,44,42.7184466,132,70,53.03030303,235,114,48.5106383
,25,84,47,55.95238095,102,46,45.09803922,186,93,50
Telford,,,,,,,,,,
,17,806,450,55.83126551,739,409,55.34506089,1545,859,55.5987055
,18,417,217,52.0383693,465,227,48.8172043,882,444,50.34013605
,19,207,96,46.37681159,170,83,48.82352941,377,179,47.4801061
,20,129,67,51.9379845,114,57,50,243,124,51.02880658
,21,92,58,63.04347826,93,48,51.61290323,185,106,57.2972973
,22,95,40,42.10526316,95,48,50.52631579,190,88,46.31578947
,23,78,36,46.15384615,72,32,44.44444444,150,68,45.33333333
,24,74,38,51.35135135,62,29,46.77419355,136,67,49.26470588
,25,57,30,52.63157895,59,30,50.84745763,116,60,51.72413793
Thurso,,,,,,,,,,
,17,20,16,80,28,20,71.42857143,48,36,75
,18,25,12,48,11,8,72.72727273,36,20,55.55555556
,19,12,6,50,9,4,44.44444444,21,10,47.61904762
,20,8,4,50,6,5,83.33333333,14,9,64.28571429
Tilbury,,,,,,,,,,
,17,795,385,48.42767296,608,272,44.73684211,1403,657,46.82822523
,18,587,235,40.03407155,604,271,44.86754967,1191,506,42.48530647
,19,345,152,44.05797101,332,125,37.65060241,677,277,40.91580502
,20,270,104,38.51851852,230,90,39.13043478,500,194,38.8
,21,171,62,36.25730994,180,71,39.44444444,351,133,37.89173789
,22,137,70,51.09489051,132,42,31.81818182,269,112,41.63568773
,23,159,60,37.73584906,135,46,34.07407407,294,106,36.05442177
,24,164,60,36.58536585,163,52,31.90184049,327,112,34.25076453
,25,153,57,37.25490196,122,44,36.06557377,275,101,36.72727273
Tolworth,,,,,,,,,,
,17,1124,629,55.96085409,903,491,54.37430786,2027,1120,55.25407005
,18,501,255,50.89820359,523,256,48.94837476,1024,511,49.90234375
,19,321,157,48.90965732,256,115,44.921875,577,272,47.14038128
,20,218,109,50,209,94,44.97607656,427,203,47.54098361
,21,191,97,50.78534031,198,82,41.41414141,389,179,46.01542416
,22,223,121,54.26008969,173,81,46.82080925,396,202,51.01010101
,23,197,95,48.22335025,173,91,52.60115607,370,186,50.27027027
,24,158,84,53.16455696,115,50,43.47826087,273,134,49.08424908
,25,153,87,56.8627451,146,68,46.57534247,299,155,51.83946488
Tunbridge Wells,,,,,,,,,,
,17,858,555,64.68531469,775,480,61.93548387,1633,1035,63.38028169
,18,412,249,60.4368932,452,262,57.96460177,864,511,59.14351852
,19,145,80,55.17241379,174,92,52.87356322,319,172,53.9184953
,20,85,53,62.35294118,99,50,50.50505051,184,103,55.97826087
,21,69,40,57.97101449,64,31,48.4375,133,71,53.38345865
,22,77,42,54.54545455,60,33,55,137,75,54.74452555
,23,61,33,54.09836066,56,30,53.57142857,117,63,53.84615385
,24,42,29,69.04761905,49,26,53.06122449,91,55,60.43956044
,25,35,21,60,36,16,44.44444444,71,37,52.11267606
Upton,,,,,,,,,,
,17,692,370,53.46820809,565,284,50.26548673,1257,654,52.02863962
,18,404,185,45.79207921,441,210,47.61904762,845,395,46.74556213
,19,159,74,46.5408805,215,96,44.65116279,374,170,45.45454545
,20,94,44,46.80851064,149,70,46.97986577,243,114,46.91358025
,21,99,47,47.47474747,114,52,45.61403509,213,99,46.47887324
,22,111,54,48.64864865,105,53,50.47619048,216,107,49.53703704
,23,84,39,46.42857143,89,40,44.94382022,173,79,45.66473988
,24,61,32,52.45901639,87,39,44.82758621,148,71,47.97297297
,25,43,24,55.81395349,64,29,45.3125,107,53,49.53271028
Wakefield,,,,,,,,,,
,17,63,37,58.73015873,47,28,59.57446809,110,65,59.09090909
,18,65,34,52.30769231,60,30,50,125,64,51.2
,19,22,9,40.90909091,37,14,37.83783784,59,23,38.98305085
,20,19,11,57.89473684,14,10,71.42857143,33,21,63.63636364
,21,12,4,33.33333333,14,3,21.42857143,26,7,26.92307692
,22,16,9,56.25,15,4,26.66666667,31,13,41.93548387
,23,12,2,16.66666667,17,7,41.17647059,29,9,31.03448276
,24,16,8,50,6,2,33.33333333,22,10,45.45454545
,25,12,4,33.33333333,19,10,52.63157895,31,14,45.16129032
Wallasey,,,,,,,,,,
,17,295,133,45.08474576,234,119,50.85470085,529,252,47.63705104
,18,192,85,44.27083333,255,108,42.35294118,447,193,43.17673378
,19,113,54,47.78761062,105,51,48.57142857,218,105,48.16513761
,20,71,29,40.84507042,62,35,56.4516129,133,64,48.12030075
,21,85,45,52.94117647,67,36,53.73134328,152,81,53.28947368
,22,60,33,55,71,23,32.3943662,131,56,42.7480916
,23,53,27,50.94339623,52,25,48.07692308,105,52,49.52380952
,24,50,27,54,63,27,42.85714286,113,54,47.78761062
,25,62,32,51.61290323,51,21,41.17647059,113,53,46.90265487
Wanstead,,,,,,,,,,
,17,395,159,40.25316456,217,82,37.78801843,612,241,39.37908497
,18,618,254,41.10032362,504,167,33.13492063,1122,421,37.52228164
,19,457,164,35.88621444,539,179,33.2096475,996,343,34.437751
,20,346,115,33.23699422,425,128,30.11764706,771,243,31.51750973
,21,276,109,39.49275362,300,98,32.66666667,576,207,35.9375
,22,207,71,34.29951691,331,100,30.21148036,538,171,31.78438662
,23,245,79,32.24489796,294,92,31.29251701,539,171,31.72541744
,24,234,74,31.62393162,306,97,31.69934641,540,171,31.66666667
,25,231,79,34.1991342,340,87,25.58823529,571,166,29.07180385
Warwick,,,,,,,,,,
,17,872,526,60.32110092,748,437,58.42245989,1620,963,59.44444444
,18,523,275,52.58126195,630,317,50.31746032,1153,592,51.34431917
,19,218,129,59.17431193,252,118,46.82539683,470,247,52.55319149
,20,133,65,48.87218045,140,69,49.28571429,273,134,49.08424908
,21,116,68,58.62068966,153,76,49.67320261,269,144,53.53159851
,22,110,60,54.54545455,165,75,45.45454545,275,135,49.09090909
,23,118,59,50,99,50,50.50505051,217,109,50.23041475
,24,91,53,58.24175824,123,48,39.02439024,214,101,47.19626168
,25,95,54,56.84210526,111,48,43.24324324,206,102,49.51456311
Watford,,,,,,,,,,
,17,877,496,56.55644242,803,432,53.79825654,1680,928,55.23809524
,18,422,218,51.65876777,454,221,48.6784141,876,439,50.11415525
,19,225,106,47.11111111,209,94,44.97607656,434,200,46.08294931
,20,123,69,56.09756098,140,50,35.71428571,263,119,45.24714829
,21,106,55,51.88679245,106,51,48.11320755,212,106,50
,22,102,54,52.94117647,88,38,43.18181818,190,92,48.42105263
,23,124,66,53.22580645,124,49,39.51612903,248,115,46.37096774
,24,103,46,44.66019417,96,47,48.95833333,199,93,46.73366834
,25,90,45,50,95,35,36.84210526,185,80,43.24324324
Wednesbury,,,,,,,,,,
,17,593,290,48.90387858,280,129,46.07142857,873,419,47.9954181
,18,499,221,44.28857715,460,197,42.82608696,959,418,43.58706986
,19,361,163,45.15235457,360,129,35.83333333,721,292,40.49930652
,20,229,94,41.04803493,263,96,36.50190114,492,190,38.61788618
,21,220,104,47.27272727,252,81,32.14285714,472,185,39.19491525
,22,180,71,39.44444444,200,71,35.5,380,142,37.36842105
,23,147,66,44.89795918,187,65,34.75935829,334,131,39.22155689
,24,161,64,39.7515528,161,53,32.91925466,322,117,36.33540373
,25,177,73,41.24293785,162,46,28.39506173,339,119,35.10324484
West Wickham,,,,,,,,,,
,17,796,495,62.18592965,851,528,62.04465335,1647,1023,62.1129326
,18,487,276,56.67351129,704,349,49.57386364,1191,625,52.47691016
,19,250,128,51.2,313,155,49.52076677,563,283,50.26642984
,20,135,65,48.14814815,206,100,48.54368932,341,165,48.38709677
,21,127,74,58.26771654,164,79,48.17073171,291,153,52.57731959
,22,117,60,51.28205128,189,88,46.56084656,306,148,48.36601307
,23,121,60,49.58677686,155,76,49.03225806,276,136,49.27536232
,24,85,40,47.05882353,151,67,44.37086093,236,107,45.33898305
,25,78,37,47.43589744,145,73,50.34482759,223,110,49.32735426
Weston-Super-Mare,,,,,,,,,,
,17,959,559,58.2898853,895,508,56.75977654,1854,1067,57.55124056
,18,467,242,51.82012848,513,243,47.36842105,980,485,49.48979592
,19,214,105,49.06542056,255,115,45.09803922,469,220,46.90831557
,20,106,59,55.66037736,148,68,45.94594595,254,127,50
,21,71,44,61.97183099,91,52,57.14285714,162,96,59.25925926
,22,82,52,63.41463415,78,30,38.46153846,160,82,51.25
,23,64,40,62.5,74,31,41.89189189,138,71,51.44927536
,24,59,34,57.62711864,70,34,48.57142857,129,68,52.71317829
,25,58,30,51.72413793,59,27,45.76271186,117,57,48.71794872
Whitby,,,,,,,,,,
,17,125,89,71.2,127,69,54.33070866,252,158,62.6984127
,18,49,28,57.14285714,72,30,41.66666667,121,58,47.9338843
,19,20,12,60,25,12,48,45,24,53.33333333
,21,19,11,57.89473684,8,4,50,27,15,55.55555556
,24,6,5,83.33333333,8,5,62.5,14,10,71.42857143
,25,7,5,71.42857143,12,5,41.66666667,19,10,52.63157895
Whitchurch,,,,,,,,,,
,17,510,301,59.01960784,398,217,54.52261307,908,518,57.04845815
,18,234,133,56.83760684,314,160,50.95541401,548,293,53.46715328
,19,97,51,52.57731959,126,61,48.41269841,223,112,50.22421525
,20,56,31,55.35714286,100,47,47,156,78,50
,21,59,36,61.01694915,46,24,52.17391304,105,60,57.14285714
,22,39,20,51.28205128,44,21,47.72727273,83,41,49.39759036
,23,30,15,50,42,20,47.61904762,72,35,48.61111111
,24,32,20,62.5,22,10,45.45454545,54,30,55.55555556
,25,22,12,54.54545455,29,15,51.72413793,51,27,52.94117647
Wick,,,,,,,,,,
,17,39,26,66.66666667,24,15,62.5,63,41,65.07936508
,18,31,17,54.83870968,38,25,65.78947368,69,42,60.86956522
,19,17,13,76.47058824,13,8,61.53846154,30,21,70
,24,6,3,50,7,2,28.57142857,13,5,38.46153846
Widnes,,,,,,,,,,
,17,503,268,53.28031809,393,196,49.87277354,896,464,51.78571429
,18,350,152,43.42857143,391,179,45.78005115,741,331,44.66936572
,19,180,76,42.22222222,187,80,42.78074866,367,156,42.50681199
,20,92,47,51.08695652,149,60,40.26845638,241,107,44.39834025
,21,106,51,48.11320755,141,54,38.29787234,247,105,42.51012146
,22,105,55,52.38095238,94,41,43.61702128,199,96,48.24120603
,23,52,25,48.07692308,93,39,41.93548387,145,64,44.13793103
,24,51,27,52.94117647,71,32,45.07042254,122,59,48.36065574
,25,89,39,43.82022472,67,29,43.28358209,156,68,43.58974359
Winchester,,,,,,,,,,
,17,607,308,50.74135091,492,226,45.93495935,1099,534,48.58962693
,18,356,155,43.53932584,309,142,45.95469256,665,297,44.66165414
,19,103,47,45.63106796,143,56,39.16083916,246,103,41.8699187
,20,66,34,51.51515152,76,23,30.26315789,142,57,40.14084507
,21,65,20,30.76923077,59,24,40.6779661,124,44,35.48387097
,22,46,25,54.34782609,61,29,47.54098361,107,54,50.46728972
,23,31,11,35.48387097,33,12,36.36363636,64,23,35.9375
,24,35,16,45.71428571,39,13,33.33333333,74,29,39.18918919
,25,26,12,46.15384615,36,19,52.77777778,62,31,50
Wolverhampton,,,,,,,,,,
,17,449,268,59.68819599,288,151,52.43055556,737,419,56.85210312
,18,289,147,50.8650519,288,141,48.95833333,577,288,49.91334489
,19,124,61,49.19354839,185,84,45.40540541,309,145,46.92556634
,20,87,42,48.27586207,133,50,37.59398496,220,92,41.81818182
,21,78,43,55.12820513,107,49,45.79439252,185,92,49.72972973
,22,46,25,54.34782609,92,37,40.2173913,138,62,44.92753623
,23,63,28,44.44444444,87,39,44.82758621,150,67,44.66666667
,24,76,41,53.94736842,76,31,40.78947368,152,72,47.36842105
,25,49,27,55.10204082,78,30,38.46153846,127,57,44.88188976
,,,,,,,,,,
Wood Green (London),17,239,111,46.44351464,134,64,47.76119403,373,175,46.91689008
Wood Green (London),18,295,131,44.40677966,296,112,37.83783784,591,243,41.11675127
Wood Green (London),19,297,135,45.45454545,266,113,42.48120301,563,248,44.04973357
Wood Green (London),20,199,98,49.24623116,261,102,39.08045977,460,200,43.47826087
Wood Green (London),21,180,76,42.22222222,228,79,34.64912281,408,155,37.99019608
Wood Green (London),22,173,77,44.50867052,199,80,40.20100503,372,157,42.20430108
Wood Green (London),23,143,66,46.15384615,219,78,35.61643836,362,144,39.77900552
Wood Green (London),24,128,69,53.90625,203,81,39.90147783,331,150,45.31722054
Wood Green (London),25,141,64,45.39007092,205,81,39.51219512,346,145,41.90751445
Worcester,,,,,,,,,,
,17,1167,652,55.8697515,1112,550,49.46043165,2279,1202,52.74243089
,18,616,267,43.34415584,732,333,45.49180328,1348,600,44.51038576
,19,308,148,48.05194805,286,114,39.86013986,594,262,44.10774411
,20,132,69,52.27272727,170,71,41.76470588,302,140,46.35761589
,21,135,53,39.25925926,110,50,45.45454545,245,103,42.04081633
,22,125,66,52.8,127,51,40.15748031,252,117,46.42857143
,23,95,40,42.10526316,106,53,50,201,93,46.26865672
,24,107,55,51.40186916,89,28,31.46067416,196,83,42.34693878
,25,77,33,42.85714286,94,35,37.23404255,171,68,39.76608187
Workington,,,,,,,,,,
,17,503,287,57.05765408,382,216,56.54450262,885,503,56.83615819
,18,270,141,52.22222222,341,164,48.09384164,611,305,49.91816694
,19,112,61,54.46428571,146,66,45.20547945,258,127,49.2248062
,20,53,31,58.49056604,68,35,51.47058824,121,66,54.54545455
,21,53,34,64.1509434,77,41,53.24675325,130,75,57.69230769
,22,40,21,52.5,46,31,67.39130435,86,52,60.46511628
,23,45,31,68.88888889,39,20,51.28205128,84,51,60.71428571
,24,30,18,60,34,18,52.94117647,64,36,56.25
,25,18,9,50,27,13,48.14814815,45,22,48.88888889
Worksop,,,,,,,,,,
,17,717,371,51.74337517,695,305,43.88489209,1412,676,47.87535411
,18,383,167,43.60313316,539,212,39.33209647,922,379,41.10629067
,19,152,69,45.39473684,226,74,32.74336283,378,143,37.83068783
,20,93,43,46.23655914,127,47,37.00787402,220,90,40.90909091
,21,63,34,53.96825397,88,33,37.5,151,67,44.37086093
,22,60,33,55,78,25,32.05128205,138,58,42.02898551
,23,59,34,57.62711864,75,27,36,134,61,45.52238806
,24,48,28,58.33333333,60,18,30,108,46,42.59259259
,25,44,21,47.72727273,54,30,55.55555556,98,51,52.04081633
Worthing,,,,,,,,,,
,17,869,528,60.75949367,780,418,53.58974359,1649,946,57.36810188
,18,481,282,58.62785863,552,289,52.35507246,1033,571,55.27589545
,19,238,135,56.72268908,275,137,49.81818182,513,272,53.0214425
,20,156,100,64.1025641,181,74,40.8839779,337,174,51.63204748
,21,127,75,59.05511811,189,91,48.14814815,316,166,52.53164557
,22,99,56,56.56565657,129,61,47.28682171,228,117,51.31578947
,23,68,41,60.29411765,114,57,50,182,98,53.84615385
,24,78,34,43.58974359,93,36,38.70967742,171,70,40.93567251
,25,80,50,62.5,88,37,42.04545455,168,87,51.78571429
Yeovil,,,,,,,,,,
,17,980,576,58.7755102,884,535,60.52036199,1864,1111,59.60300429
,18,501,263,52.49500998,527,260,49.33586338,1028,523,50.87548638
,19,207,108,52.17391304,167,77,46.10778443,374,185,49.46524064
,20,84,53,63.0952381,106,50,47.16981132,190,103,54.21052632
,21,87,54,62.06896552,61,26,42.62295082,148,80,54.05405405
,22,70,38,54.28571429,64,30,46.875,134,68,50.74626866
,23,62,40,64.51612903,65,27,41.53846154,127,67,52.75590551
,24,48,30,62.5,52,29,55.76923077,100,59,59
,25,54,23,42.59259259,33,18,54.54545455,87,41,47.12643678
York,,,,,,,,,,
,17,1076,699,64.96282528,992,544,54.83870968,2068,1243,60.10638298
,18,460,256,55.65217391,573,318,55.4973822,1033,574,55.56631171
,19,184,114,61.95652174,312,140,44.87179487,496,254,51.20967742
,20,129,72,55.81395349,192,92,47.91666667,321,164,51.09034268
,21,117,75,64.1025641,151,69,45.69536424,268,144,53.73134328
,22,106,65,61.32075472,171,91,53.21637427,277,156,56.31768953
,23,76,50,65.78947368,137,74,54.01459854,213,124,58.21596244
,24,74,47,63.51351351,91,46,50.54945055,165,93,56.36363636
,25,57,41,71.92982456,119,50,42.01680672,176,91,51.70454545
ZAyr (CLOSED),,,,,,,,,,
,17,351,198,56.41025641,341,166,48.68035191,692,364,52.60115607
,18,172,73,42.44186047,200,90,45,372,163,43.8172043
,19,72,33,45.83333333,93,40,43.01075269,165,73,44.24242424
,20,39,17,43.58974359,66,26,39.39393939,105,43,40.95238095
,21,37,19,51.35135135,38,20,52.63157895,75,39,52
,22,39,19,48.71794872,53,22,41.50943396,92,41,44.56521739
,23,47,25,53.19148936,46,15,32.60869565,93,40,43.01075269
,24,27,13,48.14814815,24,10,41.66666667,51,23,45.09803922
,25,36,17,47.22222222,32,16,50,68,33,48.52941176
ZBLAIRGOWRIE (CLOSED),,,,,,,,,,
,17,56,38,67.85714286,38,17,44.73684211,94,55,58.5106383
,18,37,22,59.45945946,28,13,46.42857143,65,35,53.84615385
,19,16,10,62.5,16,11,68.75,32,21,65.625
,20,12,9,75,9,6,66.66666667,21,15,71.42857143
ZBarry,,,,,,,,,,
,17,421,223,52.96912114,412,211,51.21359223,833,434,52.10084034
,18,162,81,50,172,86,50,334,167,50
,19,51,24,47.05882353,76,36,47.36842105,127,60,47.24409449
,20,39,14,35.8974359,52,24,46.15384615,91,38,41.75824176
,21,38,19,50,29,18,62.06896552,67,37,55.2238806
,22,29,18,62.06896552,28,17,60.71428571,57,35,61.40350877
,23,22,11,50,22,12,54.54545455,44,23,52.27272727
,24,19,8,42.10526316,29,13,44.82758621,48,21,43.75
,25,18,8,44.44444444,36,20,55.55555556,54,28,51.85185185
ZBishop Auckland (CLOSED),,,,,,,,,,
,17,543,338,62.24677716,441,252,57.14285714,984,590,59.95934959
,18,266,144,54.13533835,295,155,52.54237288,561,299,53.29768271
,19,102,72,70.58823529,104,59,56.73076923,206,131,63.59223301
,20,70,35,50,59,30,50.84745763,129,65,50.3875969
,21,40,30,75,48,25,52.08333333,88,55,62.5
,22,67,38,56.71641791,52,28,53.84615385,119,66,55.46218487
,23,40,28,70,47,22,46.80851064,87,50,57.47126437
,24,40,24,60,34,21,61.76470588,74,45,60.81081081
,25,54,33,61.11111111,42,16,38.0952381,96,49,51.04166667
ZBradford (Eccleshill)(CLOSED),,,,,,,,,,
,17,619,270,43.6187399,325,135,41.53846154,944,405,42.90254237
,18,594,233,39.22558923,556,216,38.84892086,1150,449,39.04347826
,19,308,115,37.33766234,369,104,28.18428184,677,219,32.34859675
,20,175,82,46.85714286,251,78,31.07569721,426,160,37.55868545
,21,176,75,42.61363636,167,50,29.94011976,343,125,36.44314869
,22,201,87,43.28358209,263,94,35.74144487,464,181,39.00862069
,23,149,78,52.34899329,173,65,37.57225434,322,143,44.40993789
,24,147,57,38.7755102,171,56,32.74853801,318,113,35.53459119
,25,196,68,34.69387755,175,60,34.28571429,371,128,34.50134771
ZCongleton(CLOSED),,,,,,,,,,
,17,313,196,62.61980831,270,162,60,583,358,61.40651801
,18,169,83,49.11242604,194,96,49.48453608,363,179,49.31129477
,19,56,26,46.42857143,80,34,42.5,136,60,44.11764706
,20,59,31,52.54237288,40,17,42.5,99,48,48.48484848
,21,33,19,57.57575758,45,20,44.44444444,78,39,50
,22,34,18,52.94117647,33,17,51.51515152,67,35,52.23880597
,23,21,11,52.38095238,30,13,43.33333333,51,24,47.05882353
,24,18,10,55.55555556,16,8,50,34,18,52.94117647
,25,13,10,76.92307692,10,6,60,23,16,69.56521739
ZDorchester,,,,,,,,,,
,17,1063,686,64.53433678,989,605,61.17290192,2052,1291,62.91423002
,18,551,320,58.07622505,576,315,54.6875,1127,635,56.34427684
,19,239,121,50.62761506,211,111,52.60663507,450,232,51.55555556
,20,138,77,55.79710145,160,73,45.625,298,150,50.33557047
,21,113,75,66.37168142,116,67,57.75862069,229,142,62.00873362
,22,71,39,54.92957746,89,50,56.17977528,160,89,55.625
,23,81,54,66.66666667,99,54,54.54545455,180,108,60
,24,67,31,46.26865672,85,39,45.88235294,152,70,46.05263158
,25,72,43,59.72222222,68,41,60.29411765,140,84,60
ZDundee(CLOSED),,,,,,,,,,
,17,398,241,60.55276382,300,166,55.33333333,698,407,58.30945559
,18,279,145,51.97132616,311,161,51.76848875,590,306,51.86440678
,19,171,89,52.04678363,180,82,45.55555556,351,171,48.71794872
,20,107,58,54.20560748,121,52,42.97520661,228,110,48.24561404
,21,124,58,46.77419355,121,51,42.14876033,245,109,44.48979592
,22,92,46,50,106,47,44.33962264,198,93,46.96969697
,23,78,40,51.28205128,133,51,38.34586466,211,91,43.12796209
,24,63,36,57.14285714,91,29,31.86813187,154,65,42.20779221
,25,53,28,52.83018868,86,49,56.97674419,139,77,55.39568345
ZDurham (CLOSED),,,,,,,,,,
,17,792,477,60.22727273,555,317,57.11711712,1347,794,58.94580549
,18,402,234,58.20895522,449,236,52.56124722,851,470,55.22914219
,19,188,106,56.38297872,214,113,52.80373832,402,219,54.47761194
,20,125,70,56,176,93,52.84090909,301,163,54.15282392
,21,120,64,53.33333333,121,59,48.76033058,241,123,51.0373444
,22,95,57,60,130,60,46.15384615,225,117,52
,23,87,48,55.17241379,77,47,61.03896104,164,95,57.92682927
,24,46,25,54.34782609,65,31,47.69230769,111,56,50.45045045
,25,73,43,58.90410959,66,34,51.51515152,139,77,55.39568345
ZGravesend,,,,,,,,,,
,17,844,481,56.99052133,772,425,55.05181347,1616,906,56.06435644
,18,475,235,49.47368421,583,297,50.94339623,1058,532,50.28355388
,19,214,126,58.87850467,242,120,49.58677686,456,246,53.94736842
,20,156,71,45.51282051,167,72,43.11377246,323,143,44.27244582
,21,114,62,54.38596491,126,57,45.23809524,240,119,49.58333333
,22,107,59,55.14018692,121,58,47.9338843,228,117,51.31578947
,23,122,64,52.45901639,102,42,41.17647059,224,106,47.32142857
,24,87,46,52.87356322,125,53,42.4,212,99,46.69811321
,25,108,49,45.37037037,98,42,42.85714286,206,91,44.17475728
ZGreenford (Ruislip Road) (Closed),,,,,,,,,,
,17,82,45,54.87804878,46,24,52.17391304,128,69,53.90625
,18,109,60,55.04587156,72,42,58.33333333,181,102,56.35359116
,19,69,32,46.37681159,73,32,43.83561644,142,64,45.07042254
,20,44,24,54.54545455,47,29,61.70212766,91,53,58.24175824
,21,40,17,42.5,40,14,35,80,31,38.75
,22,36,18,50,35,18,51.42857143,71,36,50.70422535
,23,40,19,47.5,52,24,46.15384615,92,43,46.73913043
,24,52,25,48.07692308,39,18,46.15384615,91,43,47.25274725
,25,44,20,45.45454545,32,13,40.625,76,33,43.42105263
ZHarrogate (Closed),,,,,,,,,,
,17,724,454,62.70718232,652,365,55.98159509,1376,819,59.52034884
,18,302,161,53.31125828,405,187,46.17283951,707,348,49.22206506
,19,131,64,48.85496183,153,77,50.32679739,284,141,49.64788732
,20,73,37,50.68493151,105,40,38.0952381,178,77,43.25842697
,21,79,41,51.89873418,88,39,44.31818182,167,80,47.90419162
,22,64,39,60.9375,83,35,42.1686747,147,74,50.34013605
,23,73,32,43.83561644,68,40,58.82352941,141,72,51.06382979
,24,54,29,53.7037037,59,30,50.84745763,113,59,52.21238938
,25,43,23,53.48837209,57,24,42.10526316,100,47,47
ZKeighley (CLOSED),,,,,,,,,,
,17,310,180,58.06451613,207,108,52.17391304,517,288,55.70599613
,18,222,118,53.15315315,248,113,45.56451613,470,231,49.14893617
,19,92,45,48.91304348,125,57,45.6,217,102,47.00460829
,20,37,17,45.94594595,81,29,35.80246914,118,46,38.98305085
,21,69,42,60.86956522,76,28,36.84210526,145,70,48.27586207
,22,51,29,56.8627451,70,36,51.42857143,121,65,53.71900826
,23,52,27,51.92307692,67,18,26.86567164,119,45,37.81512605
,24,53,25,47.16981132,49,12,24.48979592,102,37,36.2745098
,25,26,17,65.38461538,60,18,30,86,35,40.69767442
ZKidderminster (CLOSED),,,,,,,,,,
,17,115,70,60.86956522,111,71,63.96396396,226,141,62.38938053
,18,92,51,55.43478261,114,65,57.01754386,206,116,56.31067961
,19,40,22,55,64,27,42.1875,104,49,47.11538462
,20,23,14,60.86956522,34,16,47.05882353,57,30,52.63157895
,21,22,11,50,26,15,57.69230769,48,26,54.16666667
,22,29,15,51.72413793,20,12,60,49,27,55.10204082
,23,13,8,61.53846154,17,8,47.05882353,30,16,53.33333333
,24,10,9,90,14,7,50,24,16,66.66666667
ZKilmarnock,,,,,,,,,,
,17,263,125,47.52851711,257,137,53.307393,520,262,50.38461538
,18,200,90,45,179,82,45.81005587,379,172,45.38258575
,19,89,36,40.4494382,79,35,44.30379747,168,71,42.26190476
,20,63,26,41.26984127,53,19,35.8490566,116,45,38.79310345
,21,54,29,53.7037037,49,22,44.89795918,103,51,49.51456311
,22,56,28,50,37,19,51.35135135,93,47,50.53763441
,23,37,12,32.43243243,30,17,56.66666667,67,29,43.28358209
,24,33,14,42.42424242,34,10,29.41176471,67,24,35.82089552
,25,30,12,40,35,10,28.57142857,65,22,33.84615385
ZLeicester (Welford Road) (CLOSED),,,,,,,,,,
,17,448,231,51.5625,256,130,50.78125,704,361,51.27840909
,18,399,210,52.63157895,425,187,44,824,397,48.17961165
,19,220,111,50.45454545,297,120,40.4040404,517,231,44.68085106
,20,141,75,53.19148936,193,80,41.4507772,334,155,46.40718563
,21,119,60,50.42016807,171,61,35.67251462,290,121,41.72413793
,22,108,56,51.85185185,155,68,43.87096774,263,124,47.14828897
,23,116,64,55.17241379,160,78,48.75,276,142,51.44927536
,24,85,47,55.29411765,127,49,38.58267717,212,96,45.28301887
,25,99,54,54.54545455,120,47,39.16666667,219,101,46.11872146
ZLouth (closed),,,,,,,,,,
,17,233,132,56.65236052,206,96,46.60194175,439,228,51.93621868
,18,103,52,50.48543689,119,53,44.53781513,222,105,47.2972973
,19,56,27,48.21428571,52,19,36.53846154,108,46,42.59259259
,20,18,10,55.55555556,16,7,43.75,34,17,50
,21,28,18,64.28571429,13,10,76.92307692,41,28,68.29268293
,22,6,5,83.33333333,13,11,84.61538462,19,16,84.21052632
,23,13,7,53.84615385,15,7,46.66666667,28,14,50
,24,8,5,62.5,20,7,35,28,12,42.85714286
,25,11,8,72.72727273,11,5,45.45454545,22,13,59.09090909
ZMold(CLOSED),,,,,,,,,,
,17,685,317,46.27737226,514,239,46.49805447,1199,556,46.37197665
,18,476,180,37.81512605,439,175,39.86332574,915,355,38.79781421
,19,178,70,39.3258427,219,80,36.52968037,397,150,37.78337531
,20,104,52,50,114,46,40.35087719,218,98,44.95412844
,21,102,42,41.17647059,80,33,41.25,182,75,41.20879121
,22,75,33,44,105,39,37.14285714,180,72,40
,23,59,29,49.15254237,57,22,38.59649123,116,51,43.96551724
,24,38,13,34.21052632,70,22,31.42857143,108,35,32.40740741
,25,68,30,44.11764706,76,16,21.05263158,144,46,31.94444444
ZPlymouth (CLOSED),,,,,,,,,,
,17,34,15,44.11764706,38,20,52.63157895,72,35,48.61111111
,18,18,7,38.88888889,24,8,33.33333333,42,15,35.71428571
,19,17,6,35.29411765,16,7,43.75,33,13,39.39393939
,20,7,6,85.71428571,7,6,85.71428571,14,12,85.71428571
,24,7,5,71.42857143,8,5,62.5,15,10,66.66666667
ZReddish (NORTHERN)(CLOSED),,,,,,,,,,
,17,887,484,54.56595265,693,390,56.27705628,1580,874,55.3164557
,18,485,233,48.04123711,637,301,47.25274725,1122,534,47.59358289
,19,233,119,51.07296137,309,154,49.8381877,542,273,50.36900369
,20,161,84,52.17391304,163,78,47.85276074,324,162,50
,21,138,86,62.31884058,152,78,51.31578947,290,164,56.55172414
,22,120,70,58.33333333,133,65,48.87218045,253,135,53.35968379
,23,116,44,37.93103448,160,71,44.375,276,115,41.66666667
,24,109,59,54.12844037,118,55,46.61016949,227,114,50.22026432
,25,85,51,60,136,50,36.76470588,221,101,45.70135747
ZSTONEHAVEN (CLOSED),,,,,,,,,,
,17,79,49,62.02531646,72,39,54.16666667,151,88,58.2781457
,18,31,17,54.83870968,46,28,60.86956522,77,45,58.44155844
,19,18,6,33.33333333,14,9,64.28571429,32,15,46.875
,20,6,4,66.66666667,14,5,35.71428571,20,9,45
,22,7,5,71.42857143,7,6,85.71428571,14,11,78.57142857
,23,8,2,25,8,4,50,16,6,37.5
ZSaltcoats,,,,,,,,,,
,17,360,217,60.27777778,283,159,56.18374558,643,376,58.47589425
,18,249,128,51.40562249,257,122,47.47081712,506,250,49.40711462
,19,117,58,49.57264957,124,69,55.64516129,241,127,52.69709544
,20,68,38,55.88235294,65,30,46.15384615,133,68,51.12781955
,21,35,22,62.85714286,59,29,49.15254237,94,51,54.25531915
,22,53,34,64.1509434,45,21,46.66666667,98,55,56.12244898
,23,35,20,57.14285714,43,25,58.13953488,78,45,57.69230769
,24,31,19,61.29032258,38,22,57.89473684,69,41,59.42028986
,25,35,18,51.42857143,43,22,51.1627907,78,40,51.28205128
ZSouthall(closed),,,,,,,,,,
,17,39,21,53.84615385,18,4,22.22222222,57,25,43.85964912
,18,44,20,45.45454545,37,15,40.54054054,81,35,43.20987654
,19,32,17,53.125,38,15,39.47368421,70,32,45.71428571
,20,22,9,40.90909091,19,9,47.36842105,41,18,43.90243902
,21,18,8,44.44444444,22,9,40.90909091,40,17,42.5
,22,18,9,50,21,8,38.0952381,39,17,43.58974359
,23,16,5,31.25,21,10,47.61904762,37,15,40.54054054
,24,10,4,40,15,6,40,25,10,40
,25,15,11,73.33333333,9,6,66.66666667,24,17,70.83333333
ZSutton_In_Ashfield (CLOSED),,,,,,,,,,
,17,876,523,59.70319635,669,383,57.24962631,1545,906,58.6407767
,18,494,274,55.46558704,548,292,53.28467153,1042,566,54.31861804
,19,215,118,54.88372093,278,138,49.64028777,493,256,51.92697769
,20,125,77,61.6,146,77,52.73972603,271,154,56.82656827
,21,100,57,57,118,57,48.30508475,218,114,52.29357798
,22,73,49,67.12328767,88,42,47.72727273,161,91,56.52173913
,23,70,42,60,104,54,51.92307692,174,96,55.17241379
,24,62,40,64.51612903,63,35,55.55555556,125,75,60
,25,65,36,55.38461538,76,37,48.68421053,141,73,51.77304965
ZTaunton,,,,,,,,,,
,17,1088,679,62.40808824,1077,631,58.58867224,2165,1310,60.50808314
,18,515,289,56.11650485,587,301,51.27768313,1102,590,53.53901996
,19,187,101,54.01069519,204,97,47.54901961,391,198,50.63938619
,20,135,81,60,97,52,53.60824742,232,133,57.32758621
,21,92,58,63.04347826,95,54,56.84210526,187,112,59.89304813
,22,54,38,70.37037037,80,42,52.5,134,80,59.70149254
,23,64,39,60.9375,67,34,50.74626866,131,73,55.72519084
,24,48,29,60.41666667,76,37,48.68421053,124,66,53.22580645
,25,55,24,43.63636364,62,29,46.77419355,117,53,45.2991453
ZWakefield (Closed),,,,,,,,,,
,17,590,310,52.54237288,337,172,51.03857567,927,482,51.99568501
,18,349,178,51.00286533,452,201,44.46902655,801,379,47.31585518
,19,174,87,50,202,99,49.00990099,376,186,49.46808511
,20,104,53,50.96153846,120,50,41.66666667,224,103,45.98214286
,21,98,51,52.04081633,113,41,36.28318584,211,92,43.60189573
,22,77,45,58.44155844,99,38,38.38383838,176,83,47.15909091
,23,66,30,45.45454545,119,47,39.49579832,185,77,41.62162162
,24,76,39,51.31578947,86,35,40.69767442,162,74,45.67901235
,25,51,25,49.01960784,84,35,41.66666667,135,60,44.44444444
ZWhalley Range-Manchester(Closed),,,,,,,,,,
,17,503,262,52.08747515,277,150,54.15162455,780,412,52.82051282
,18,480,218,45.41666667,389,180,46.27249357,869,398,45.79976985
,19,334,160,47.90419162,438,185,42.23744292,772,345,44.68911917
,20,233,106,45.49356223,370,160,43.24324324,603,266,44.11276949
,21,288,126,43.75,306,137,44.77124183,594,263,44.27609428
,22,249,114,45.78313253,291,131,45.01718213,540,245,45.37037037
,23,238,136,57.14285714,299,142,47.4916388,537,278,51.76908752
,24,239,119,49.79079498,315,136,43.17460317,554,255,46.02888087
,25,259,119,45.94594595,246,114,46.34146341,505,233,46.13861386
ZWisbech,,,,,,,,,,
,17,365,213,58.35616438,314,154,49.04458599,679,367,54.05007364
,18,187,92,49.19786096,223,97,43.49775785,410,189,46.09756098
,19,68,32,47.05882353,79,38,48.10126582,147,70,47.61904762
,20,46,19,41.30434783,32,15,46.875,78,34,43.58974359
,21,30,22,73.33333333,28,11,39.28571429,58,33,56.89655172
,22,24,12,50,34,18,52.94117647,58,30,51.72413793
,23,11,5,45.45454545,25,12,48,36,17,47.22222222
,24,24,13,54.16666667,19,10,52.63157895,43,23,53.48837209
,25,24,13,54.16666667,25,10,40,49,23,46.93877551
ZWolverhampton,,,,,,,,,,
,17,637,388,60.91051805,495,279,56.36363636,1132,667,58.92226148
,18,505,263,52.07920792,589,265,44.99151104,1094,528,48.26325411
,19,300,160,53.33333333,338,162,47.92899408,638,322,50.47021944
,20,169,93,55.0295858,243,114,46.91358025,412,207,50.24271845
,21,127,76,59.84251969,203,97,47.78325123,330,173,52.42424242
,22,137,80,58.39416058,143,75,52.44755245,280,155,55.35714286
,23,121,58,47.9338843,159,71,44.65408805,280,129,46.07142857
,24,92,51,55.43478261,146,64,43.83561644,238,115,48.31932773
,25,102,55,53.92156863,125,53,42.4,227,108,47.57709251
zBlackburn,,,,,,,,,,
,17,29,17,58.62068966,21,13,61.9047619,50,30,60
,18,33,12,36.36363636,29,14,48.27586207,62,26,41.93548387
,19,12,9,75,11,4,36.36363636,23,13,56.52173913
,21,7,2,28.57142857,12,3,25,19,5,26.31578947
zMerthyr Tydfil,,,,,,,,,,
,17,605,382,63.14049587,522,300,57.47126437,1127,682,60.51464064
,18,298,156,52.34899329,285,138,48.42105263,583,294,50.42881647
,19,139,67,48.20143885,122,63,51.63934426,261,130,49.80842912
,20,78,48,61.53846154,62,36,58.06451613,140,84,60
,21,64,37,57.8125,51,23,45.09803922,115,60,52.17391304
,22,55,38,69.09090909,44,24,54.54545455,99,62,62.62626263
,23,45,26,57.77777778,42,16,38.0952381,87,42,48.27586207
,24,50,26,52,62,29,46.77419355,112,55,49.10714286
,25,45,23,51.11111111,41,23,56.09756098,86,46,53.48837209